xxx	0	0	0.0	0	0	0	0
Proceedings	of	1	0.0	0.82	2	4	0
Semi-Supervised	SimHash	0	0.0	1.3	2	2	0
Qixia	Jiang	2	0.0	1.09	2	2	0
$$$	Abstract	0	0.0	1.09	5	6	0
Searching	documents	8	0.0	0.9	2	4	0
1	Introduction	0	0.0	1.09	1	2	0
Document	Similarity	6	0.0	0.99	2	2	0
search	purposes.	15	0.0	0.99	4	4	0
1	Hamming	0	0.0	0.79	1	2	0
$$$	93	0	0.0	0.99	5	4	0
vated	by	16	0.0	0.99	4	4	0
2	Background	0	0.0	1.09	1	2	0
Suppose	we	0	0.0	0.97	2	4	0
|	x	5	0.04	0.98	3	1	0
2.1	SimHash	0	0.0	0.99	1	2	0
SimHash	(SH)	1	0.0	0.99	2	3	0
h(x)	=	0	0.17	0.86	3	3	0
{	+1,	0	0.2	0.88	3	3	0
xxx	0	0	0.0	0	0	0	0
where	w	0	0.25	0.92	4	4	0
is	a	1	0.07	0.97	4	4	0
Pr	hH	1	0.06	0.83	2	4	0
xxx	0	0	0.0	0	0	0	0
where	(x	0	0.0	0.9	4	3	0
,	x	0	0.33	0.9	3	1	0
)	is	0	0.14	0.95	3	4	0
and	x	0	0.33	0.9	4	1	0
.	Ob-	0	0.0	0.99	3	2	0
2.2	Kernelized	0	0.0	0.99	1	2	0
A	kernelized	7	0.0	0.99	1	4	0
h((x))	=	0	0.0	0.92	3	3	0
i=1	i	0	0.14	0.88	3	1	0
where	(,	1	0.0	0.99	4	3	0
2.3	Semi-Supervised	0	0.0	0.99	1	2	0
Semi-Supervised	Hashing	2	0.0	0.99	2	2	0
$$$	94	0	0.0	0.99	5	4	0
empirical	accuracy	5	0.0	0.99	4	4	0
2.4	Others	0	0.0	0.99	1	2	0
Some	other	7	0.0	0.99	2	4	0
3	Semi-Supervised	0	0.0	1.09	1	2	0
In	this	0	0.0	0.97	2	4	0
H).	Let	8	0.05	0.94	1	2	0
$$$	2	0	0.0	0.54	5	1	0
The	extended	2	0.0	0.81	2	4	0
xxx	0	0	0.0	0	0	0	0
previews	works	2	0.0	0.99	4	4	0
3.1	Data	0	0.0	0.99	1	2	0
Since	L	1	0.04	0.99	2	1	0
D	=	0	0.5	0.99	1	3	0
where	the	0	0.0	0.94	4	4	0
{+1,	1,	3	0.05	0.98	3	3	0
3.2	Formulation	0	0.0	0.99	1	2	0
Hashing	maps	1	0.0	0.99	2	4	0
h	l	0	0.08	0.91	4	4	0
where	w	0	0.25	0.92	4	4	0
is	the	0	0.09	0.97	4	4	0
is	the	5	0.02	0.98	4	4	0
G	=	0	0.13	0.94	1	3	0
Note	that,	0	0.0	0.95	2	3	0
,	x	0	0.33	0.9	3	1	0
)	in	0	0.0	0.9	3	4	0
or	r	0	0.0	0.86	4	4	0
corresponds	to	0	0.0	0.92	4	4	0
,	G	2	0.05	0.96	3	1	0
$$$	95	0	0.0	0.99	5	4	0
Algorithm	1:	0	0.0	0.99	2	3	0
for	each	0	0.08	0.77	4	4	0
+	x	1	0.0	0.73	3	1	0
maximize	the	0	0.0	0.99	4	4	0
J(w)	=	0	0.0	0.85	2	3	0
$$$	L	0	0.0	0.63	5	1	0
$$$	l=1	0	0.0	0.63	5	3	0
$$$	{	0	0.0	0.91	5	3	0
(xi,xj	)a	0	0.0	0.74	3	3	0
(xi,xj	)r	0	0.0	0.74	3	3	0
$$$	}	0	0.0	0.91	5	3	0
+	1	0	0.0	0.72	3	1	0
l=1	H(	0	0.0	0.77	3	2	0
$$$	(7)	0	0.0	0.91	5	3	0
xxx	0	0	0.0	0	0	0	0
where	N	0	0.0	0.9	4	1	0
=	|	0	0.0	0.9	3	3	0
|	+	0	0.0	0.92	3	3	0
|	is	6	0.0	0.98	3	4	0
L(w)	=	0	0.0	0.85	2	3	0
$$$	L	0	0.0	0.63	5	1	0
$$$	l=1	0	0.0	0.63	5	3	0
$$$	{	0	0.0	0.91	5	3	0
(G	i	0	0.14	0.67	3	1	0
(G	i	0	0.14	0.67	3	1	0
+	1	0	0.0	0.82	3	1	0
$$$	L	0	0.0	0.63	5	1	0
$$$	l=1	0	0.0	0.63	5	3	0
{	u	0	0.0	0.77	3	4	0
$$$	i=1	0	0.0	0.63	5	3	0
2	(w	0	0.13	0.77	1	3	0
$$$	i=u+1	0	0.0	0.63	5	3	0
2	(w	0	0.17	0.77	1	3	0
2	2	0	0.0	0.74	1	1	0
$$$	(8)	0	0.0	0.91	5	3	0
xxx	0	0	0.0	0	0	0	0
where	g	0	0.33	0.9	4	4	0
and	d	0	0.33	0.9	4	4	0
denote	the	0	0.14	0.95	4	4	0
and	D	0	0.33	0.9	4	1	0
respectively,	and	0	0.0	0.99	3	4	0
(t)	=	1	0.0	0.82	3	3	0
$$$	(9)	0	0.0	0.91	5	3	0
This	relaxation	1	0.0	0.99	2	4	0
the	similar	7	0.0	0.99	4	4	0
L(w)	w	0	0.0	0.86	2	4	0
$$$	L	0	0.0	0.63	5	1	0
$$$	l=1	0	0.0	0.63	5	3	0
$$$	{	0	0.0	0.91	5	3	0
(G	i	0	0.15	0.52	3	1	0
(w	T	0	0.29	0.79	3	1	0
+	(G	0	0.14	0.54	3	3	0
(w	T	0	0.29	0.79	3	1	0
$$$	}	0	0.0	0.91	5	3	0
$$$	(10)	0	0.0	0.91	5	3	0
+	1	0	0.0	0.82	3	1	0
$$$	L	0	0.0	0.63	5	1	0
$$$	l=1	0	0.0	0.63	5	3	0
{	u	0	0.0	0.77	3	4	0
i	=	0	0.11	0.52	1	3	0
(w	T	0	0.29	0.79	3	1	0
+	N	0	0.0	0.77	3	1	0
i	=	0	0.09	0.53	1	3	0
(w	T	0	0.29	0.79	3	1	0
$$$	}	0	0.0	0.91	5	3	0
2	w	0	0.5	0.77	1	4	0
Note	that	0	0.0	0.97	2	4	0
3.3	Fingerprint	0	0.0	0.99	1	2	0
When	we	8	0.02	0.99	2	4	0
4	http://www.burtleburtle.net/bob/hash/doobs.html	0	0.0	0.68	1	3	0
$$$	96	0	0.0	0.99	5	4	0
Algorithm	2:	0	0.0	0.99	2	3	0
INPUT:	x	0	0.27	0.79	2	1	0
;	for	2	0.09	0.77	3	4	0
xxx	0	0	0.0	0	0	0	0
these	L	2	0.0	0.98	4	1	0
3.4	Algorithmic	0	0.0	0.99	1	2	0
This	section	0	0.0	0.96	2	4	0
H	and	1	0.0	0.99	1	4	0
J(w)	S	0	0.09	0.77	2	1	0
l=1	l	0	0.0	0.75	3	4	0
where	+	0	0.07	0.9	4	3	0
0,	ij	0	0.0	0.86	3	4	0
equals	to	0	0.0	0.95	4	4	0
,	x	0	0.33	0.9	3	1	0
)	r	0	0.0	0.86	3	4	0
otherwise	0,	0	0.0	0.92	4	3	0
=	[g	2	0.11	0.91	3	3	0
J(w)	S	0	0.27	0.78	2	1	0
xxx	0	0	0.0	0	0	0	0
Clearly,	Equation	4	0.0	0.97	2	2	0
through	the	0	0.0	0.99	4	4	0
(x)	=	0	0.07	0.87	3	3	0
xxx	0	0	0.0	0	0	0	0
where	r	0	0.33	0.9	4	4	0
R	M	0	0.0	0.86	1	1	0
,	l	7	0.03	0.98	3	4	0
J(W)	SSH	0	0.15	0.82	2	2	0
xxx	0	0	0.0	0	0	0	0
where	W	0	0.2	0.94	4	1	0
,	.	0	0.14	0.95	3	3	0
]	R	0	0.0	0.86	3	1	0
are	L	1	0.07	0.97	4	1	0
J(W)	SSH	0	0.27	0.83	2	2	0
xxx	0	0	0.0	0	0	0	0
where	S	0	0.33	0.9	4	1	0
=	X	0	0.33	0.9	3	1	0
X	T	0	0.5	0.86	1	1	0
and	S	0	0.5	0.95	4	1	0
.	Equa-	3	0.0	0.99	3	2	0
(x)	=	0	0.14	0.87	3	3	0
xxx	0	0	0.0	0	0	0	0
where	R	0	0.33	0.9	4	1	0
=	diag(sign(r	0	0.0	0.9	3	3	0
)).	Each	0	0.25	0.92	3	2	0
is	a	0	0.0	0.95	4	4	0
to	R	0	0.0	0.9	4	1	0
and	corresponds	1	0.0	0.98	4	4	0
4	Experiments	0	0.0	1.09	1	2	0
We	use	5	0.0	0.99	2	4	0
5	The	0	0.1	0.79	1	2	0
$$$	97	0	0.0	0.99	5	4	0
24	32	0	0.0	0.21	4	4	0
0.2	0.3	0	0.0	0.21	4	4	0
0.4	0.5	0	0.0	0.21	4	4	0
$$$	Mean	0	0.0	0.22	5	2	0
$$$	Averaged	0	0.0	0.22	5	2	0
Precision	(MAP)	0	0.0	0.22	2	3	0
Number	of	0	0.0	0.22	2	4	0
S	3	0	0.0	0.16	1	1	0
$$$	(a)	0	0.0	0.82	5	3	0
24	32	0	0.0	0.21	4	4	0
$$$	Mean	0	0.0	0.22	5	2	0
$$$	Averaged	0	0.0	0.22	5	2	0
Precision	(MAP)	0	0.0	0.22	2	3	0
Number	of	0	0.0	0.22	2	4	0
S	3	0	0.0	0.16	1	1	0
$$$	(b)	0	0.0	0.82	5	3	0
xxx	0	0	0.0	0	0	0	0
Figure	1:	1	0.0	0.91	0	3	0
xxx	0	0	0.0	0	0	0	0
We	use	3	0.02	0.98	2	4	0
exp(	x	0	0.0	0.75	3	1	0
x	j	0	0.0	0.58	1	4	0
),	where	0	0.0	0.95	3	4	0
takes	0.5	16	0.01	0.98	4	4	0
24	32	0	0.0	0.21	4	4	0
Precision	within	0	0.0	0.22	2	4	0
Hamming	radius	0	0.0	0.22	2	4	0
Number	of	0	0.0	0.22	2	4	0
S	3	0	0.0	0.16	1	1	0
$$$	(a)	0	0.0	0.82	5	3	0
24	32	0	0.0	0.21	4	4	0
Precision	within	0	0.0	0.22	2	4	0
Hamming	radius	0	0.0	0.22	2	4	0
Number	of	0	0.0	0.22	2	4	0
S	3	0	0.0	0.16	1	1	0
$$$	(b)	0	0.0	0.82	5	3	0
Figure	2:	1	0.0	0.91	0	3	0
xxx	0	0	0.0	0	0	0	0
tuitively,	a	2	0.0	0.99	3	4	0
4.1	20	0	0.0	0.99	1	1	0
20	Newsgroups	0	0.0	0.9	1	2	0
contains	20K	15	0.0	0.98	4	3	0
6	http://www.cs.cmu.edu/afs/cs/project/theo-3/www/	0	0.0	0.68	1	3	0
$$$	98	0	0.0	0.99	5	4	0
S	3	0	0.0	0.14	1	1	0
H	S	0	0.0	0.15	1	1	0
H	f	0	0.0	0.14	1	4	0
SSH	SH	0	0.0	0.18	2	2	0
24	32	1	0.0	0.22	4	4	0
Number	of	0	0.0	0.22	2	4	0
searched	data	0	0.0	0.22	4	4	0
Number	of	0	0.0	0.37	2	4	0
S	3	0	0.0	0.14	1	1	0
H	S	0	0.0	0.15	1	1	0
H	f	0	0.0	0.14	1	4	0
SSH	SH	0	0.0	0.18	2	2	0
24	32	1	0.0	0.22	4	4	0
Number	of	0	0.0	0.22	2	4	0
searched	data	0	0.0	0.22	4	4	0
Number	of	0	0.0	0.37	2	4	0
Figure	3:	1	0.0	0.91	0	3	0
xxx	0	0	0.0	0	0	0	0
(global)	information	0	0.0	0.97	3	4	0
H	f	0	0.0	0.86	1	4	0
,	the	4	0.0	0.98	3	4	0
For	hash	4	0.0	0.99	2	4	0
The	number	6	0.0	0.98	2	4	0
The	averaged	3	0.0	0.98	2	4	0
intra-class	inter-class	0	0.0	0.84	3	3	0
H	13.1264	0	0.0	0.86	1	4	0
H	f	0	0.0	0.77	1	4	0
12.5754	13.3479	0	0.0	0.91	4	4	0
Table	1:	2	0.0	0.91	0	3	0
10	20	0	0.0	0.42	1	1	0
10	1	0	0.0	0.36	1	1	0
10	2	0	0.0	0.36	1	1	0
10	3	0	0.0	0.36	1	1	0
Time	(sec.)	0	0.0	0.23	2	3	0
Feature	dimension	0	0.0	0.23	2	4	0
S	3	0	0.0	0.17	1	1	0
$$$	(a)	0	0.0	0.82	5	3	0
10	20	0	0.0	0.42	1	1	0
10	2	0	0.0	0.36	1	1	0
10	3	0	0.0	0.36	1	1	0
10	4	0	0.0	0.36	1	1	0
Space	(MB)	0	0.0	0.23	2	3	0
Feature	dimension	0	0.0	0.23	2	4	0
S	3	0	0.0	0.17	1	1	0
$$$	(b)	0	0.0	0.82	5	3	0
xxx	0	0	0.0	0	0	0	0
Figure	4:	1	0.0	0.91	0	3	0
xxx	0	0	0.0	0	0	0	0
the	dissimilar	5	0.0	0.99	4	4	0
4.2	Open	0	0.0	0.99	1	2	0
Open	Directory	0	0.0	0.94	2	2	0
is	a	4	0.0	0.99	4	4	0
$$$	7	0	0.0	0.54	5	1	0
http://rdf.dmoz.org/	8	0	0.0	0.68	3	1	0
The	title	1	0.0	0.82	2	4	0
$$$	99	0	0.0	0.99	5	4	0
1	10	0	0.0	0.22	1	1	0
$$$	0.01	0	0.0	0.22	5	4	0
$$$	0.02	0	0.0	0.22	5	4	0
$$$	0.03	0	0.0	0.22	5	4	0
$$$	0.04	0	0.0	0.22	5	4	0
$$$	Percentage	0	0.0	0.56	5	2	0
Class	size	0	0.0	0.43	2	4	0
0	20	0	0.0	0.22	4	1	0
$$$	Percentage	0	0.0	0.56	5	2	0
Document	length	0	0.0	0.43	2	4	0
Figure	5:	1	0.0	0.91	0	3	0
intra-class	inter-class	0	0.0	0.84	3	3	0
H	14.0029	0	0.0	0.86	1	4	0
H	f	0	0.0	0.77	1	4	0
14.3801	15.5260	0	0.0	0.91	4	4	0
Table	2:	1	0.0	0.91	0	3	0
xxx	0	0	0.0	0	0	0	0
feature	selection	0	0.0	0.9	4	4	0
.	An	12	0.0	0.98	3	2	0
$$$	9	0	0.0	0.54	5	1	0
We	have	2	0.0	0.82	2	4	0
24	32	0	0.0	0.22	4	4	0
$$$	0.20	0	0.0	0.22	5	4	0
$$$	0.25	0	0.0	0.22	5	4	0
$$$	0.30	0	0.0	0.22	5	4	0
$$$	0.35	0	0.0	0.22	5	4	0
$$$	Mean	0	0.0	0.23	5	2	0
$$$	Averaged	0	0.0	0.23	5	2	0
$$$	Precision	0	0.0	0.23	5	2	0
$$$	(MAP)	0	0.0	0.23	5	3	0
Number	of	0	0.0	0.23	2	4	0
S	3	0	0.0	0.15	1	1	0
$$$	(a)	0	0.0	0.82	5	3	0
24	32	0	0.0	0.22	4	4	0
Precision	within	0	0.0	0.22	2	4	0
Hamming	radius	0	0.0	0.22	2	4	0
Number	of	0	0.0	0.23	2	4	0
S	3	0	0.0	0.16	1	1	0
$$$	(b)	0	0.0	0.82	5	3	0
xxx	0	0	0.0	0	0	0	0
Figure	6:	1	0.0	0.91	0	3	0
xxx	0	0	0.0	0	0	0	0
strates	S	0	0.0	0.9	4	1	0
H	can	6	0.0	0.98	1	4	0
5	Conclusions	0	0.0	1.09	1	2	0
We	have	0	0.0	0.97	2	4	0
H)	for	5	0.0	0.99	1	4	0
6	Acknowledgements	0	0.0	1.09	1	6	0
We	thank	2	0.0	0.99	2	4	0
$$$	100	0	0.0	0.99	5	4	0
$$$	References	0	0.0	1.09	5	6	0
Christopher	J.C.	1	0.0	0.91	2	2	0
Moses	S.	1	0.0	0.91	2	1	0
Gianni	Costa,	1	0.0	0.91	2	2	0
Jeffrey	Dean	1	0.0	0.91	2	2	0
Richard	O.	1	0.0	0.91	2	1	0
George	Forman	1	0.0	0.91	2	2	0
Piotr	Indyk	1	0.0	0.91	2	2	0
Ian	Jolliffe.	0	0.0	0.91	2	2	0
Yan	Ke,	1	0.0	0.91	2	2	0
Brian	Kulis	1	0.0	0.91	2	2	0
Brian	Kulis,	1	0.0	0.91	2	2	0
Dong	C.	1	0.0	0.91	2	1	0
Mathematical	programming,	0	0.0	0.91	2	3	0
Omid	Madani,	1	0.0	0.91	2	2	0
Gurmeet	Singh	1	0.0	0.91	2	2	0
Christopher	D.	1	0.0	0.91	2	1	0
Yadong	Mu,	1	0.0	0.91	2	2	0
Ruslan	Salakhutdinov	1	0.0	0.91	2	2	0
Bernhard	Sch 	1	0.0	0.91	2	2	0
Lloyd	N.	0	0.0	0.91	2	1	0
Xiaojun	Wan,	1	0.0	0.91	2	2	0
Jun	Wang,	1	0.0	0.91	2	2	0
Jun	Wang,	1	0.0	0.91	2	2	0
Yair	Weiss,	1	0.0	0.91	2	2	0
$$$	101	0	0.0	0.99	5	4	0
