00	00	00	00	00	00	00	00	00	00	00	00	00
Proceedings	0	0.0	0.0	0.63	1	0	0	804.26	100.952	44.4195	0	0
of	0	0.0	0.0	0.63	0	0	1	804.26	147.613	6.97586	0	0
the	0	0.0	0.0	0.63	0	0	0	804.26	156.831	10.9569	0	0
52nd	0	0.0	0.0	0.63	0	0	0	804.26	170.029	17.9328	0	0
Annual	0	0.0	0.0	0.63	1	0	0	804.26	190.204	25.9039	0	0
Meeting	0	0.0	0.0	0.63	1	0	0	804.26	218.349	29.3829	0	0
of	0	0.0	0.0	0.63	0	0	1	804.26	249.974	6.97586	0	0
the	0	0.0	0.0	0.63	0	0	0	804.26	259.191	10.9569	0	0
Association	0	0.0	0.0	0.63	1	0	0	804.26	272.39	41.8462	0	0
for	0	0.0	0.0	0.63	0	0	0	804.26	316.477	10.4638	0	0
Computational	0	0.0	0.0	0.63	1	0	0	804.26	329.183	53.8074	0	0
Linguistics,	0	0.0	0.0	0.63	1	1	0	804.26	385.232	41.5999	0	0
pages	0	0.0	0.0	0.63	0	0	0	804.26	429.073	20.4165	0	0
1009–1019,	0	0.0	0.0	0.63	0	1	0	804.26	451.731	42.5904	0	0
00	00	00	00	00	00	00	00	00	00	00	00	00
00	00	00	00	00	00	00	00	00	00	00	00	00
00	00	00	00	00	00	00	00	00	00	00	00	00
Baltimore,	0	0.0	0.0	0.63	1	1	0	812.764	123.153	38.1072	0	0
Maryland,	0	0.0	0.0	0.63	1	1	0	812.764	163.502	37.103	0	0
USA,	0	0.0	0.0	0.63	1	1	0	812.764	202.846	20.1744	0	0
June	0	0.0	0.0	0.63	1	0	0	812.764	225.262	16.4354	0	0
23-25	0	0.0	0.0	0.63	0	0	0	812.764	243.939	20.9186	0	0
2014.	0	0.0	0.0	0.63	0	0	0	812.764	267.1	20.1744	0	0
c	0	0.0	0.0	0.63	0	0	0	812.494	292.669	3.98108	0	0
00	00	00	00	00	00	00	00	00	00	00	00	00
00	00	00	00	00	00	00	00	00	00	00	00	00
00	00	00	00	00	00	00	00	00	00	00	00	00
2014	0	0.0	0.0	0.63	0	0	0	812.764	290.052	27.1478	0	0
Association	0	0.0	0.0	0.63	1	0	0	812.764	319.441	42.3393	0	0
for	0	0.0	0.0	0.63	0	0	0	812.764	364.022	10.4548	0	0
Computational	0	0.0	0.0	0.63	1	0	0	812.764	376.719	53.3052	0	0
Linguistics	0	0.0	0.0	0.63	1	0	0	812.764	432.266	39.8556	0	0
00	00	00	00	00	00	00	00	00	00	00	00	00
00	00	00	00	00	00	00	00	00	00	00	00	00
00	00	00	00	00	00	00	00	00	00	00	00	00
Language-Aware	0	0.0	0.0	1.0	1	0	0	68.0631	130.708	104.44	0	1
Truth	0	0.0	0.0	1.0	1	0	0	68.0631	238.735	35.6073	0	1
Assessment	0	0.0	0.0	1.0	1	0	0	68.0631	277.929	70.1242	0	1
of	0	0.0	0.0	1.0	0	0	1	68.0631	351.639	11.9504	0	1
Fact	0	0.0	0.0	1.0	1	0	0	68.0631	367.176	26.727	0	1
Candidates	0	0.0	0.0	1.0	1	0	0	68.0631	397.49	69.3495	0	1
00	00	00	00	00	00	00	00	00	00	00	00	00
00	00	00	00	00	00	00	00	00	00	00	00	00
00	00	00	00	00	00	00	00	00	00	00	00	00
Ndapandula	0	0.0	0.0	0.83	1	0	0	102.341	139.556	63.1235	0	1
Nakashole	0	0.0	0.0	0.83	1	0	0	102.341	205.668	53.1409	0	1
00	00	00	00	00	00	00	00	00	00	00	00	00
00	00	00	00	00	00	00	00	00	00	00	00	00
00	00	00	00	00	00	00	00	00	00	00	00	00
Carnegie	0	0.01	0.01	0.83	1	0	0	116.777	132.437	42.9789	0	1
Mellon	0	0.01	0.01	0.83	1	0	0	116.777	178.405	34.5386	0	1
University	0	0.01	0.01	0.83	1	0	0	116.777	215.932	49.9966	0	1
00	00	00	00	00	00	00	00	00	00	00	00	00
00	00	00	00	00	00	00	00	00	00	00	00	00
00	00	00	00	00	00	00	00	00	00	00	00	00
5000	0	0.01	0.01	0.83	0	0	0	131.213	149.999	23.9104	0	0
Forbes	0	0.01	0.01	0.83	1	0	0	131.213	176.898	32.3627	0	0
Avenue	0	0.01	0.01	0.83	1	0	0	131.213	212.25	36.1167	0	0
00	00	00	00	00	00	00	00	00	00	00	00	00
00	00	00	00	00	00	00	00	00	00	00	00	00
00	00	00	00	00	00	00	00	00	00	00	00	00
Pittsburgh,	0	0.01	0.01	0.83	1	1	0	145.649	146.819	51.6943	0	0
PA,	0	0.01	0.01	0.83	1	1	0	145.649	201.502	17.1677	0	0
15213	0	0.01	0.01	0.83	0	0	0	145.649	221.659	29.888	0	0
00	00	00	00	00	00	00	00	00	00	00	00	00
00	00	00	00	00	00	00	00	00	00	00	00	00
00	00	00	00	00	00	00	00	00	00	00	00	00
ndapa@cs.cmu.edu	0	0.01	0.01	0.83	0	0	0	160.085	141.797	114.77	0	0
00	00	00	00	00	00	00	00	00	00	00	00	00
00	00	00	00	00	00	00	00	00	00	00	00	00
00	00	00	00	00	00	00	00	00	00	00	00	00
Tom	0	0.01	0.01	0.83	1	0	0	102.341	355.582	22.8105	0	1
M.	0	0.01	0.01	0.83	1	0	0	102.341	381.381	14.2745	0	1
Mitchell	0	0.01	0.01	0.83	1	0	0	102.341	398.645	42.5007	0	1
00	00	00	00	00	00	00	00	00	00	00	00	00
00	00	00	00	00	00	00	00	00	00	00	00	00
00	00	00	00	00	00	00	00	00	00	00	00	00
Carnegie	0	0.01	0.01	0.83	1	0	0	116.777	331.618	42.9789	0	1
Mellon	0	0.01	0.01	0.83	1	0	0	116.777	377.586	34.5386	0	1
University	0	0.01	0.01	0.83	1	0	0	116.777	415.113	49.9966	0	1
00	00	00	00	00	00	00	00	00	00	00	00	00
00	00	00	00	00	00	00	00	00	00	00	00	00
00	00	00	00	00	00	00	00	00	00	00	00	00
5000	0	0.01	0.01	0.83	0	0	0	131.213	349.18	23.9104	0	0
Forbes	0	0.01	0.01	0.83	1	0	0	131.213	376.079	32.3627	0	0
Avenue	0	0.01	0.01	0.83	1	0	0	131.213	411.431	36.1167	0	0
00	00	00	00	00	00	00	00	00	00	00	00	00
00	00	00	00	00	00	00	00	00	00	00	00	00
00	00	00	00	00	00	00	00	00	00	00	00	00
Pittsburgh,	0	0.01	0.01	0.83	1	1	0	145.649	346	51.6943	0	0
PA,	0	0.01	0.01	0.83	1	1	0	145.649	400.683	17.1677	0	0
15213	0	0.01	0.01	0.83	0	0	0	145.649	420.84	29.888	0	0
00	00	00	00	00	00	00	00	00	00	00	00	00
00	00	00	00	00	00	00	00	00	00	00	00	00
00	00	00	00	00	00	00	00	00	00	00	00	00
tom.mitchell@cs.cmu.edu	0	0.01	0.01	0.83	0	0	0	160.085	315.873	164.982	0	0
00	00	00	00	00	00	00	00	00	00	00	00	00
00	00	00	00	00	00	00	00	00	00	00	00	00
00	00	00	00	00	00	00	00	00	00	00	00	00
Abstract	0	0.01	0.01	0.83	1	0	0	204.142	158.892	44.4853	0	0
00	00	00	00	00	00	00	00	00	00	00	00	00
00	00	00	00	00	00	00	00	00	00	00	00	00
00	00	00	00	00	00	00	00	00	00	00	00	00
This	0	0.02	0.02	0.76	1	0	0	229.472	89.009	19.3964	0	0
paper	0	0.02	0.02	0.76	0	0	0	229.472	121.082	24.2291	0	0
introduces	0	0.02	0.02	0.76	0	0	0	229.472	157.987	45.4473	0	0
FactChecker,	0	0.02	0.02	0.76	1	1	0	229.472	216.111	57.1528	0	0
00	00	00	00	00	00	00	00	00	00	00	00	00
00	00	00	00	00	00	00	00	00	00	00	00	00
00	00	00	00	00	00	00	00	00	00	00	00	00
language-aware	0	0.02	0.02	0.76	0	0	0	243.496	89.009	68.7819	0	0
approach	0	0.02	0.02	0.76	0	0	0	243.496	160.835	39.9819	0	0
to	0	0.02	0.02	0.76	0	0	0	243.496	203.849	8.48728	0	0
truth-ﬁnding.	0	0.02	0.02	0.76	0	0	0	243.496	215.38	57.8837	0	0
00	00	00	00	00	00	00	00	00	00	00	00	00
00	00	00	00	00	00	00	00	00	00	00	00	00
00	00	00	00	00	00	00	00	00	00	00	00	00
FactChecker	0	0.02	0.02	0.76	1	0	0	257.519	89.009	54.8619	0	0
differs	0	0.02	0.02	0.76	0	0	0	257.519	146.293	28.2	0	0
from	0	0.02	0.02	0.76	0	0	0	257.519	176.925	21.2073	0	0
prior	0	0.02	0.02	0.76	0	0	0	257.519	200.555	21.2073	0	0
approaches	0	0.02	0.02	0.76	0	0	0	257.519	224.195	49.0691	0	0
00	00	00	00	00	00	00	00	00	00	00	00	00
00	00	00	00	00	00	00	00	00	00	00	00	00
00	00	00	00	00	00	00	00	00	00	00	00	00
in	0	0.02	0.02	0.76	0	0	0	271.543	89.009	8.48728	0	0
that	0	0.02	0.02	0.76	0	0	0	271.543	102.176	16.3636	0	0
it	0	0.02	0.02	0.76	0	0	0	271.543	123.22	6.06546	0	0
does	0	0.02	0.02	0.76	0	0	0	271.543	133.965	19.9964	0	0
not	0	0.02	0.02	0.76	0	0	0	271.543	158.642	13.9418	0	0
rely	0	0.02	0.02	0.76	0	0	0	271.543	177.264	16.9637	0	0
on	0	0.02	0.02	0.76	0	0	0	271.543	198.907	10.9091	0	0
iterative	0	0.02	0.02	0.76	0	0	0	271.543	214.496	35.3128	0	0
peer	0	0.02	0.02	0.76	0	0	0	271.543	254.489	18.7746	0	0
00	00	00	00	00	00	00	00	00	00	00	00	00
00	00	00	00	00	00	00	00	00	00	00	00	00
00	00	00	00	00	00	00	00	00	00	00	00	00
voting,	0	0.02	0.02	0.76	0	1	0	285.566	89.009	30.3928	0	0
instead	0	0.02	0.02	0.76	0	0	0	285.566	125.609	30.9055	0	0
it	0	0.02	0.02	0.76	0	0	0	285.566	162.035	6.06546	0	0
leverages	0	0.02	0.02	0.76	0	0	0	285.566	173.609	40.7564	0	0
language	0	0.02	0.02	0.76	0	0	0	285.566	219.875	39.3819	0	0
to	0	0.02	0.02	0.76	0	0	0	285.566	264.776	8.48728	0	0
00	00	00	00	00	00	00	00	00	00	00	00	00
00	00	00	00	00	00	00	00	00	00	00	00	00
00	00	00	00	00	00	00	00	00	00	00	00	00
infer	0	0.02	0.02	0.76	0	0	0	299.59	89.009	20.5964	0	0
believability	0	0.02	0.02	0.76	0	0	0	299.59	114.067	54	0	0
of	0	0.02	0.02	0.76	0	0	1	299.59	172.54	9.08728	0	0
fact	0	0.02	0.02	0.76	0	0	0	299.59	186.089	16.2436	0	0
candidates.	0	0.02	0.02	0.76	0	0	0	299.59	206.805	48.7637	0	0
In	0	0.02	0.02	0.76	1	0	0	299.59	264.176	9.08728	0	0
00	00	00	00	00	00	00	00	00	00	00	00	00
00	00	00	00	00	00	00	00	00	00	00	00	00
00	00	00	00	00	00	00	00	00	00	00	00	00
particular,	0	0.02	0.02	0.76	0	1	0	313.613	89.009	44.0946	0	0
FactChecker	0	0.02	0.02	0.76	1	0	0	313.613	137.053	54.8619	0	0
makes	0	0.02	0.02	0.76	0	0	0	313.613	195.613	27.7637	0	0
use	0	0.02	0.02	0.76	0	0	0	313.613	227.075	14.5418	0	0
of	0	0.02	0.02	0.76	0	0	1	313.613	245.315	9.08728	0	0
lin-	0	0.02	0.02	0.76	0	0	0	313.613	258.111	15.1527	0	0
00	00	00	00	00	00	00	00	00	00	00	00	00
00	00	00	00	00	00	00	00	00	00	00	00	00
00	00	00	00	00	00	00	00	00	00	00	00	00
guistic	0	0.02	0.02	0.76	0	0	0	327.636	89.009	29.0946	0	0
features	0	0.02	0.02	0.76	0	0	0	327.636	121.289	34.5273	0	0
to	0	0.02	0.02	0.76	0	0	0	327.636	159.002	8.48728	0	0
detect	0	0.02	0.02	0.76	0	0	0	327.636	170.675	26.0509	0	0
if	0	0.02	0.02	0.76	0	0	0	327.636	199.911	6.66546	0	0
a	0	0.02	0.02	0.76	0	0	0	327.636	209.773	4.84364	0	0
given	0	0.02	0.02	0.76	0	0	0	327.636	217.802	23.8037	0	0
source	0	0.02	0.02	0.76	0	0	0	327.636	244.791	28.4728	0	0
00	00	00	00	00	00	00	00	00	00	00	00	00
00	00	00	00	00	00	00	00	00	00	00	00	00
00	00	00	00	00	00	00	00	00	00	00	00	00
objectively	0	0.02	0.02	0.76	0	0	0	341.66	89.009	48.0437	0	0
states	0	0.02	0.02	0.76	0	0	0	341.66	142.344	24.24	0	0
facts	0	0.02	0.02	0.76	0	0	0	341.66	171.885	20.4873	0	0
or	0	0.02	0.02	0.76	0	0	0	341.66	197.664	9.08728	0	0
is	0	0.02	0.02	0.76	0	0	0	341.66	212.042	7.27637	0	0
speculative	0	0.02	0.02	0.76	0	0	0	341.66	224.62	48.6437	0	0
00	00	00	00	00	00	00	00	00	00	00	00	00
00	00	00	00	00	00	00	00	00	00	00	00	00
00	00	00	00	00	00	00	00	00	00	00	00	00
and	0	0.02	0.02	0.76	0	0	1	355.683	89.009	15.7527	0	0
opinionated.	0	0.02	0.02	0.76	0	0	0	355.683	111.438	54.24	0	0
To	0	0.02	0.02	0.76	1	0	0	355.683	180.907	11.2473	0	0
ensure	0	0.02	0.02	0.76	0	0	0	355.683	198.831	28.4728	0	0
that	0	0.02	0.02	0.76	0	0	0	355.683	233.98	16.3637	0	0
fact	0	0.02	0.02	0.76	0	0	0	355.683	257.02	16.2436	0	0
00	00	00	00	00	00	00	00	00	00	00	00	00
00	00	00	00	00	00	00	00	00	00	00	00	00
00	00	00	00	00	00	00	00	00	00	00	00	00
candidates	0	0.03	0.03	0.76	0	0	0	369.707	89.009	46.0473	0	0
mentioned	0	0.03	0.03	0.76	0	0	0	369.707	140.216	46.0582	0	0
in	0	0.03	0.03	0.76	0	0	0	369.707	191.435	8.48728	0	0
similar	0	0.03	0.03	0.76	0	0	0	369.707	205.082	30.3055	0	0
sources	0	0.03	0.03	0.76	0	0	0	369.707	240.547	32.7164	0	0
00	00	00	00	00	00	00	00	00	00	00	00	00
00	00	00	00	00	00	00	00	00	00	00	00	00
00	00	00	00	00	00	00	00	00	00	00	00	00
have	0	0.03	0.03	0.76	0	0	0	383.73	89.009	20.2146	0	0
similar	0	0.03	0.03	0.76	0	0	0	383.73	116.467	30.3055	0	0
believability,	0	0.03	0.03	0.76	0	1	0	383.73	154.016	56.0182	0	0
FactChecker	0	0.03	0.03	0.76	1	0	0	383.73	218.402	54.8619	0	0
00	00	00	00	00	00	00	00	00	00	00	00	00
00	00	00	00	00	00	00	00	00	00	00	00	00
00	00	00	00	00	00	00	00	00	00	00	00	00
augments	0	0.03	0.03	0.76	0	0	0	397.754	89.009	41.8146	0	0
objectivity	0	0.03	0.03	0.76	0	0	0	397.754	136.354	46.3964	0	0
with	0	0.03	0.03	0.76	0	0	0	397.754	188.271	19.3964	0	0
a	0	0.03	0.03	0.76	0	0	0	397.754	213.198	4.84364	0	0
co-mention	0	0.03	0.03	0.76	0	0	0	397.754	223.573	49.691	0	0
00	00	00	00	00	00	00	00	00	00	00	00	00
00	00	00	00	00	00	00	00	00	00	00	00	00
00	00	00	00	00	00	00	00	00	00	00	00	00
score	0	0.03	0.03	0.76	0	0	0	411.777	89.009	23.0182	0	0
to	0	0.03	0.03	0.76	0	0	0	411.777	115.605	8.48728	0	0
compute	0	0.03	0.03	0.76	0	0	0	411.777	127.671	37.5709	0	0
the	0	0.03	0.03	0.76	0	0	0	411.777	168.809	13.3309	0	0
overall	0	0.03	0.03	0.76	0	0	0	411.777	185.718	29.9673	0	0
believability	0	0.03	0.03	0.76	0	0	0	411.777	219.264	54	0	0
00	00	00	00	00	00	00	00	00	00	00	00	00
00	00	00	00	00	00	00	00	00	00	00	00	00
00	00	00	00	00	00	00	00	00	00	00	00	00
score	0	0.03	0.03	0.76	0	0	0	425.801	89.009	23.0182	0	0
of	0	0.03	0.03	0.76	0	0	1	425.801	114.634	9.08728	0	0
a	0	0.03	0.03	0.76	0	0	0	425.801	126.34	4.84364	0	0
fact	0	0.03	0.03	0.76	0	0	0	425.801	133.791	16.2436	0	0
candidate.	0	0.03	0.03	0.76	0	0	0	425.801	152.653	44.5309	0	0
Our	0	0.03	0.03	0.76	1	0	0	425.801	200.522	16.9637	0	0
experiments	0	0.03	0.03	0.76	0	0	0	425.801	220.104	53.16	0	0
00	00	00	00	00	00	00	00	00	00	00	00	00
00	00	00	00	00	00	00	00	00	00	00	00	00
00	00	00	00	00	00	00	00	00	00	00	00	00
on	0	0.03	0.03	0.76	0	0	0	439.824	89.009	10.9091	0	0
various	0	0.03	0.03	0.76	0	0	0	439.824	102.514	31.8437	0	0
datasets	0	0.03	0.03	0.76	0	0	0	439.824	136.954	34.5382	0	0
show	0	0.03	0.03	0.76	0	0	0	439.824	174.089	22.7564	0	0
that	0	0.03	0.03	0.76	0	0	0	439.824	199.442	16.3637	0	0
FactChecker	0	0.03	0.03	0.76	1	0	0	439.824	218.402	54.8619	0	2
00	00	00	00	00	00	00	00	00	00	00	00	00
00	00	00	00	00	00	00	00	00	00	00	00	00
00	00	00	00	00	00	00	00	00	00	00	00	00
yields	0	0.03	0.03	0.76	0	0	0	453.848	89.009	26.0618	0	0
higher	0	0.03	0.03	0.76	0	0	0	453.848	124.704	27.8728	0	0
accuracy	0	0.03	0.03	0.76	0	0	0	453.848	162.22	38.5964	0	0
than	0	0.03	0.03	0.76	0	0	0	453.848	210.449	18.7855	0	0
existing	0	0.03	0.03	0.76	0	0	0	453.848	238.878	34.3855	0	0
00	00	00	00	00	00	00	00	00	00	00	00	00
00	00	00	00	00	00	00	00	00	00	00	00	00
00	00	00	00	00	00	00	00	00	00	00	00	00
approaches.	0	0.03	0.03	0.76	0	0	0	467.871	89.009	51.7964	0	0
00	00	00	00	00	00	00	00	00	00	00	00	00
00	00	00	00	00	00	00	00	00	00	00	00	00
00	00	00	00	00	00	00	00	00	00	00	00	00
1	0	0.03	0.03	0.83	0	0	0	491.628	72.001	5.9776	0	0
Introduction	0	0.03	0.03	0.83	1	0	0	491.628	89.9338	64.8809	0	0
00	00	00	00	00	00	00	00	00	00	00	00	00
00	00	00	00	00	00	00	00	00	00	00	00	00
00	00	00	00	00	00	00	00	00	00	00	00	00
Truth-ﬁnding	0	0.03	0.03	0.76	1	0	0	514.202	72.001	58.4073	0	0
algorithms	0	0.03	0.03	0.76	0	0	0	514.202	137.532	46.6691	0	0
aim	0	0.03	0.03	0.76	0	0	0	514.202	191.336	16.3637	0	0
to	0	0.03	0.03	0.76	0	0	0	514.202	214.823	8.48728	0	0
separate	0	0.03	0.03	0.76	0	0	0	514.202	230.445	35.7273	0	0
true	0	0.03	0.03	0.76	0	0	0	514.202	273.307	16.9637	0	0
00	00	00	00	00	00	00	00	00	00	00	00	00
00	00	00	00	00	00	00	00	00	00	00	00	00
00	00	00	00	00	00	00	00	00	00	00	00	00
statements	0	0.04	0.04	0.76	0	0	0	528.225	72.001	46.0582	0	0
(facts)	0	0.04	0.04	0.76	0	0	0	528.225	122.303	27.7528	0	0
from	0	0.04	0.04	0.76	0	0	0	528.225	154.299	21.2073	0	0
false	0	0.04	0.04	0.76	0	0	0	528.225	179.739	20.4873	0	0
information.	0	0.04	0.04	0.76	0	0	0	528.225	204.47	54.24	0	0
More	0	0.04	0.04	0.76	1	0	0	528.225	266.641	23.6291	0	0
00	00	00	00	00	00	00	00	00	00	00	00	00
00	00	00	00	00	00	00	00	00	00	00	00	00
00	00	00	00	00	00	00	00	00	00	00	00	00
speciﬁcally,	0	0.04	0.04	0.76	0	1	0	542.249	72.001	51.7091	0	0
given	0	0.04	0.04	0.76	0	0	0	542.249	126.372	23.8037	0	0
a	0	0.04	0.04	0.76	0	0	0	542.249	152.816	4.84364	0	0
set	0	0.04	0.04	0.76	0	0	0	542.249	160.31	12.12	0	0
of	0	0.04	0.04	0.76	0	0	1	542.249	175.07	9.08728	0	0
statements	0	0.04	0.04	0.76	0	0	0	542.249	186.808	46.0582	0	0
whose	0	0.04	0.04	0.76	0	0	0	542.249	235.507	27.8728	0	0
truth-	0	0.04	0.04	0.76	0	0	0	542.249	266.03	24.24	0	0
00	00	00	00	00	00	00	00	00	00	00	00	00
00	00	00	00	00	00	00	00	00	00	00	00	00
00	00	00	00	00	00	00	00	00	00	00	00	00
fulness	0	0.04	0.04	0.76	0	0	0	556.272	72.001	30.9055	0	0
is	0	0.04	0.04	0.76	0	0	0	556.272	105.546	7.27637	0	0
unknown	0	0.04	0.04	0.76	0	0	0	556.272	115.474	40.3309	0	0
(fact	0	0.04	0.04	0.76	0	0	0	556.272	158.445	20.0009	0	0
candidates),	0	0.04	0.04	0.76	0	1	0	556.272	181.097	53.6234	0	0
the	0	0.04	0.04	0.76	0	0	0	556.272	237.382	13.3309	0	0
key	0	0.04	0.04	0.76	0	0	0	556.272	253.353	15.48	0	0
goal	0	0.04	0.04	0.76	0	0	0	556.272	271.484	18.7855	0	0
00	00	00	00	00	00	00	00	00	00	00	00	00
00	00	00	00	00	00	00	00	00	00	00	00	00
00	00	00	00	00	00	00	00	00	00	00	00	00
of	0	0.04	0.04	0.76	0	0	1	570.296	72.001	9.08728	0	0
truth-ﬁnding	0	0.04	0.04	0.76	0	0	0	570.296	83.4446	55.1564	0	0
algorithms	0	0.04	0.04	0.76	0	0	0	570.296	140.947	46.6691	0	0
is	0	0.04	0.04	0.76	0	0	0	570.296	189.972	7.27637	0	0
to	0	0.04	0.04	0.76	0	0	0	570.296	199.605	8.48728	0	0
generate	0	0.04	0.04	0.76	0	0	0	570.296	210.448	36.9382	0	0
a	0	0.04	0.04	0.76	0	0	0	570.296	249.743	4.84364	0	0
ranking	0	0.04	0.04	0.76	0	0	0	570.296	256.943	33.3273	0	0
00	00	00	00	00	00	00	00	00	00	00	00	00
00	00	00	00	00	00	00	00	00	00	00	00	00
00	00	00	00	00	00	00	00	00	00	00	00	00
such	0	0.04	0.04	0.76	0	0	0	584.319	72.001	19.9964	0	0
that	0	0.04	0.04	0.76	0	0	0	584.319	94.6156	16.3636	0	0
true	0	0.04	0.04	0.76	0	0	0	584.319	113.608	16.9637	0	0
statements	0	0.04	0.04	0.76	0	0	0	584.319	133.19	46.0582	0	0
are	0	0.04	0.04	0.76	0	0	0	584.319	181.867	13.32	0	0
ranked	0	0.04	0.04	0.76	0	0	0	584.319	197.816	29.5746	0	0
ahead	0	0.04	0.04	0.76	0	0	0	584.319	230.008	25.44	0	0
of	0	0.04	0.04	0.76	0	0	1	584.319	258.078	9.08728	0	0
false	0	0.04	0.04	0.76	0	0	0	584.319	269.783	20.4873	0	0
00	00	00	00	00	00	00	00	00	00	00	00	00
00	00	00	00	00	00	00	00	00	00	00	00	00
00	00	00	00	00	00	00	00	00	00	00	00	00
ones.	0	0.04	0.04	0.76	0	0	0	598.343	72.001	22.7237	0	0
Truth-ﬁnders	0	0.04	0.04	0.76	1	0	0	598.343	98.3901	57.1855	0	0
have	0	0.04	0.04	0.76	0	0	0	598.343	158.39	20.2146	0	0
the	0	0.04	0.04	0.76	0	0	0	598.343	181.43	13.3309	0	0
potential	0	0.04	0.04	0.76	0	0	0	598.343	197.576	38.1819	0	0
to	0	0.04	0.04	0.76	0	0	0	598.343	238.583	8.48728	0	0
address	0	0.04	0.04	0.76	0	0	0	598.343	249.885	32.7164	0	0
a	0	0.04	0.04	0.76	0	0	0	598.343	285.427	4.84364	0	0
00	00	00	00	00	00	00	00	00	00	00	00	00
00	00	00	00	00	00	00	00	00	00	00	00	00
00	00	00	00	00	00	00	00	00	00	00	00	00
major	0	0.04	0.04	0.76	0	0	0	612.366	72.001	25.4509	0	0
obstacle	0	0.04	0.04	0.76	0	0	0	612.366	99.6556	35.7491	0	0
on	0	0.04	0.04	0.76	0	0	0	612.366	137.619	10.9091	0	0
the	0	0.04	0.04	0.76	0	0	0	612.366	150.732	13.3309	0	0
Web:	0	0.04	0.04	0.76	1	0	0	612.366	166.277	22.7564	0	0
the	0	0.04	0.04	0.76	0	0	0	612.366	192.154	13.3309	0	0
problem	0	0.04	0.04	0.76	0	0	0	612.366	207.688	36.36	0	0
of	0	0.04	0.04	0.76	0	0	1	612.366	246.263	9.08728	0	0
sources	0	0.04	0.04	0.76	0	0	0	612.366	257.554	32.7164	0	0
00	00	00	00	00	00	00	00	00	00	00	00	00
00	00	00	00	00	00	00	00	00	00	00	00	00
00	00	00	00	00	00	00	00	00	00	00	00	00
spreading	0	0.04	0.04	0.76	0	0	0	626.39	72.001	42.4146	0	0
inaccurate	0	0.04	0.04	0.76	0	0	0	626.39	118.005	44.8255	0	0
and	0	0.04	0.04	0.76	0	0	1	626.39	166.419	15.7527	0	0
conﬂicting	0	0.04	0.04	0.76	0	0	0	626.39	185.772	46.6691	0	0
information.	0	0.04	0.04	0.76	0	0	0	626.39	236.03	54.24	0	0
00	00	00	00	00	00	00	00	00	00	00	00	00
00	00	00	00	00	00	00	00	00	00	00	00	00
00	00	00	00	00	00	00	00	00	00	00	00	00
This	0	0.04	0.04	0.76	1	0	0	640.413	72.001	19.3964	0	0
problem	0	0.04	0.04	0.76	0	0	0	640.413	94.201	36.36	0	0
continues	0	0.04	0.04	0.76	0	0	0	640.413	133.354	41.8146	0	0
to	0	0.04	0.04	0.76	0	0	0	640.413	177.972	8.48728	0	0
grow	0	0.04	0.04	0.76	0	0	0	640.413	189.263	22.1455	0	0
with	0	0.04	0.04	0.76	0	0	0	640.413	214.212	19.3855	0	0
the	0	0.04	0.04	0.76	0	0	0	640.413	236.401	13.3309	0	0
develop-	0	0.04	0.04	0.76	0	0	0	640.413	252.536	37.7346	0	0
00	00	00	00	00	00	00	00	00	00	00	00	00
00	00	00	00	00	00	00	00	00	00	00	00	00
00	00	00	00	00	00	00	00	00	00	00	00	00
ment	0	0.04	0.04	0.76	0	0	0	654.437	72.001	21.8182	0	0
of	0	0.04	0.04	0.76	0	0	1	654.437	96.7537	9.08728	0	0
tools	0	0.04	0.04	0.76	0	0	0	654.437	108.776	21.2182	0	0
for	0	0.04	0.04	0.76	0	0	0	654.437	132.939	12.72	0	0
easy	0	0.04	0.04	0.76	0	0	0	654.437	148.594	19.3855	0	0
Web	0	0.04	0.04	0.76	1	0	0	654.437	170.914	19.7237	0	0
authorship.	0	0.04	0.04	0.76	0	0	0	654.437	193.572	48.7855	0	0
Blogs,	0	0.04	0.04	0.76	1	1	0	654.437	246.372	28.1891	0	0
fo-	0	0.04	0.04	0.76	0	0	0	654.437	277.55	12.72	0	0
00	00	00	00	00	00	00	00	00	00	00	00	00
00	00	00	00	00	00	00	00	00	00	00	00	00
00	00	00	00	00	00	00	00	00	00	00	00	00
rums	0	0.05	0.05	0.76	0	0	0	668.46	72.001	21.8182	0	0
and	0	0.05	0.05	0.76	0	0	1	668.46	96.9719	15.7527	0	0
social	0	0.05	0.05	0.76	0	0	0	668.46	115.866	25.4509	0	0
networking	0	0.05	0.05	0.76	0	0	0	668.46	144.47	49.5819	0	0
websites	0	0.05	0.05	0.76	0	0	0	668.46	197.205	37.5709	0	0
are	0	0.05	0.05	0.76	0	0	0	668.46	237.918	13.32	0	0
not	0	0.05	0.05	0.76	0	0	0	668.46	254.39	13.9418	0	0
sub-	0	0.05	0.05	0.76	0	0	0	668.46	271.485	18.7855	0	0
00	00	00	00	00	00	00	00	00	00	00	00	00
00	00	00	00	00	00	00	00	00	00	00	00	00
00	00	00	00	00	00	00	00	00	00	00	00	00
ject	0	0.05	0.05	0.76	0	0	0	682.483	72.001	15.7527	0	0
to	0	0.05	0.05	0.76	0	0	0	682.483	92.0519	8.48728	0	0
traditional	0	0.05	0.05	0.76	0	0	0	682.483	104.826	44.8473	0	0
journalistic	0	0.05	0.05	0.76	0	0	0	682.483	153.972	49.091	0	0
standards.	0	0.05	0.05	0.76	0	0	0	682.483	207.35	43.9309	0	0
Conse-	0	0.05	0.05	0.76	1	0	0	682.483	259.365	30.9055	0	0
00	00	00	00	00	00	00	00	00	00	00	00	00
00	00	00	00	00	00	00	00	00	00	00	00	00
00	00	00	00	00	00	00	00	00	00	00	00	00
quently,	0	0.05	0.05	0.76	0	1	0	696.507	72.001	34.7455	0	0
the	0	0.05	0.05	0.76	0	0	0	696.507	110.946	13.3309	0	0
accuracy	0	0.05	0.05	0.76	0	0	0	696.507	128.183	38.5964	0	0
of	0	0.05	0.05	0.76	0	0	1	696.507	170.685	9.08728	0	0
information	0	0.05	0.05	0.76	0	0	0	696.507	183.688	51.5128	0	0
reported	0	0.05	0.05	0.76	0	0	0	696.507	239.107	36.3491	0	0
by	0	0.05	0.05	0.76	0	0	0	696.507	279.361	10.9091	0	0
00	00	00	00	00	00	00	00	00	00	00	00	00
00	00	00	00	00	00	00	00	00	00	00	00	00
00	00	00	00	00	00	00	00	00	00	00	00	00
these	0	0.05	0.05	0.76	0	0	0	710.53	72.001	22.4182	0	0
sources	0	0.05	0.05	0.76	0	0	0	710.53	98.1174	32.7164	0	0
is	0	0.05	0.05	0.76	0	0	0	710.53	134.532	7.27637	0	0
often	0	0.05	0.05	0.76	0	0	0	710.53	145.507	22.4182	0	0
unclear.	0	0.05	0.05	0.76	0	0	0	710.53	171.623	34.2328	0	0
Even	0	0.05	0.05	0.76	1	0	0	710.53	212.15	22.2546	0	0
more	0	0.05	0.05	0.76	0	0	0	710.53	238.103	22.4182	0	0
estab-	0	0.05	0.05	0.76	0	0	0	710.53	264.219	26.0509	0	0
00	00	00	00	00	00	00	00	00	00	00	00	00
00	00	00	00	00	00	00	00	00	00	00	00	00
00	00	00	00	00	00	00	00	00	00	00	00	00
lished	0	0.05	0.05	0.76	0	0	0	724.554	72.001	26.0618	0	0
newspapers	0	0.05	0.05	0.76	0	0	0	724.554	102.623	50.6182	0	0
and	0	0.05	0.05	0.76	0	0	1	724.554	157.801	15.7527	0	0
websites	0	0.05	0.05	0.76	0	0	0	724.554	178.125	37.5709	0	0
may	0	0.05	0.05	0.76	0	0	0	724.554	220.256	18.7855	0	0
sometimes	0	0.05	0.05	0.76	0	0	0	724.554	243.601	46.6691	0	0
00	00	00	00	00	00	00	00	00	00	00	00	00
00	00	00	00	00	00	00	00	00	00	00	00	00
00	00	00	00	00	00	00	00	00	00	00	00	00
report	0	0.05	0.05	0.76	0	0	0	738.577	72.001	26.0509	0	0
false	0	0.05	0.05	0.76	0	0	0	738.577	101.205	20.4873	0	0
information	0	0.05	0.05	0.76	0	0	0	738.577	124.856	51.5128	0	0
as	0	0.05	0.05	0.76	0	0	0	738.577	179.521	9.08728	0	0
they	0	0.05	0.05	0.76	0	0	0	738.577	191.772	18.6218	0	0
race	0	0.05	0.05	0.76	0	0	0	738.577	213.547	18.1637	0	0
to	0	0.05	0.05	0.76	0	0	0	738.577	234.874	8.48728	0	0
break	0	0.05	0.05	0.76	0	0	0	738.577	246.514	24.2291	0	0
sto-	0	0.05	0.05	0.76	0	0	0	738.577	273.907	16.3637	0	0
00	00	00	00	00	00	00	00	00	00	00	00	00
00	00	00	00	00	00	00	00	00	00	00	00	00
00	00	00	00	00	00	00	00	00	00	00	00	00
ries.	0	0.05	0.05	0.76	0	0	0	752.601	72.001	18.48	0	0
Therefore,	0	0.05	0.05	0.76	1	1	0	752.601	97.1901	45.7309	0	0
truth-ﬁnding	0	0.05	0.05	0.76	0	0	0	752.601	147.045	55.1564	0	0
is	0	0.05	0.05	0.76	0	0	0	752.601	206.03	7.27637	0	0
becoming	0	0.05	0.05	0.76	0	0	0	752.601	217.147	43.0255	0	0
an	0	0.05	0.05	0.76	0	0	0	752.601	264.012	10.2982	0	0
in-	0	0.05	0.05	0.76	0	0	0	752.601	278.15	12.12	0	0
00	00	00	00	00	00	00	00	00	00	00	00	00
00	00	00	00	00	00	00	00	00	00	00	00	00
00	00	00	00	00	00	00	00	00	00	00	00	00
creasingly	0	0.05	0.05	0.76	0	0	0	205.135	307.277	44.8364	0	0
important	0	0.05	0.05	0.76	0	0	0	205.135	354.273	42.4255	0	0
problem.	0	0.05	0.05	0.76	0	0	0	205.135	398.87	39.0873	0	0
Information	0	0.05	0.05	0.76	1	0	0	205.135	441.153	52.1019	0	0
extrac-	0	0.05	0.05	0.76	0	0	0	205.135	495.426	30.12	0	0
00	00	00	00	00	00	00	00	00	00	00	00	00
00	00	00	00	00	00	00	00	00	00	00	00	00
00	00	00	00	00	00	00	00	00	00	00	00	00
tion	0	0.05	0.05	0.76	0	0	0	219.158	307.277	16.9746	0	0
projects	0	0.05	0.05	0.76	0	0	0	219.158	326.401	34.5382	0	0
aim	0	0.05	0.05	0.76	0	0	0	219.158	363.088	16.3637	0	0
to	0	0.05	0.05	0.76	0	0	0	219.158	381.601	8.48728	0	0
distill	0	0.05	0.05	0.76	0	0	0	219.158	392.226	24.8618	0	0
relational	0	0.05	0.05	0.76	0	0	0	219.158	419.237	41.2037	0	0
facts	0	0.05	0.05	0.76	0	0	0	219.158	462.59	20.4873	0	0
from	0	0.05	0.05	0.76	0	0	0	219.158	485.226	21.2073	0	0
nat-	0	0.05	0.05	0.76	0	0	0	219.158	508.583	16.9637	0	0
00	00	00	00	00	00	00	00	00	00	00	00	00
00	00	00	00	00	00	00	00	00	00	00	00	00
00	00	00	00	00	00	00	00	00	00	00	00	00
ural	0	0.05	0.05	0.76	0	0	0	233.181	307.277	16.9637	0	0
language	0	0.05	0.05	0.76	0	0	0	233.181	327.219	39.3819	0	0
text	0	0.05	0.05	0.76	0	0	0	233.181	369.59	16.2	0	0
(Auer	0	0.05	0.05	0.76	0	0	0	233.181	388.768	25.44	0	0
et	0	0.05	0.05	0.76	0	0	0	233.181	417.186	7.87637	0	0
al.,	0	0.05	0.05	0.76	0	1	0	233.181	428.041	13.3309	0	0
2007;	0	0.05	0.05	0.76	0	0	0	233.181	444.426	24.8509	0	0
Bollacker	0	0.05	0.05	0.76	1	0	0	233.181	472.386	42.3055	0	0
et	0	0.05	0.05	0.76	0	0	0	233.181	517.67	7.87637	0	0
00	00	00	00	00	00	00	00	00	00	00	00	00
00	00	00	00	00	00	00	00	00	00	00	00	00
00	00	00	00	00	00	00	00	00	00	00	00	00
al.,	0	0.06	0.06	0.76	0	1	0	247.205	307.277	13.3309	0	0
2008;	0	0.06	0.06	0.76	0	0	0	247.205	323.892	24.8509	0	0
Carlson	0	0.06	0.06	0.76	1	0	0	247.205	352.146	33.9382	0	0
et	0	0.06	0.06	0.76	0	0	0	247.205	389.259	7.87637	0	0
al.,	0	0.06	0.06	0.76	0	1	0	247.205	400.31	13.3309	0	0
2010;	0	0.06	0.06	0.76	0	0	0	247.205	416.924	24.8509	0	0
Fader	0	0.06	0.06	0.76	1	0	0	247.205	445.179	24.6764	0	0
et	0	0.06	0.06	0.76	0	0	0	247.205	473.03	7.87637	0	0
al.,	0	0.06	0.06	0.76	0	1	0	247.205	484.081	13.3309	0	0
2011;	0	0.06	0.06	0.76	0	0	0	247.205	500.695	24.8509	0	0
00	00	00	00	00	00	00	00	00	00	00	00	00
00	00	00	00	00	00	00	00	00	00	00	00	00
00	00	00	00	00	00	00	00	00	00	00	00	00
Nakashole	0	0.06	0.06	0.76	1	0	0	261.228	307.277	46.0473	0	0
et	0	0.06	0.06	0.76	0	0	0	261.228	357.317	7.87637	0	0
al.,	0	0.06	0.06	0.76	0	1	0	261.228	369.186	13.3309	0	0
2011;	0	0.06	0.06	0.76	0	0	0	261.228	386.826	24.8509	0	0
Del	0	0.06	0.06	0.76	1	0	0	261.228	416.313	15.7527	0	0
Corro	0	0.06	0.06	0.76	1	0	0	261.228	436.059	25.4509	0	0
and	0	0.06	0.06	0.76	0	0	1	261.228	465.503	15.7527	0	0
Gemulla,	0	0.06	0.06	0.76	1	1	0	261.228	485.248	40.2982	0	0
00	00	00	00	00	00	00	00	00	00	00	00	00
00	00	00	00	00	00	00	00	00	00	00	00	00
00	00	00	00	00	00	00	00	00	00	00	00	00
2013).	0	0.06	0.06	0.76	0	0	0	275.252	307.277	28.1782	0	0
These	0	0.06	0.06	0.76	1	0	0	275.252	341.75	26.0509	0	0
projects	0	0.06	0.06	0.76	0	0	0	275.252	371.51	34.5273	0	0
have	0	0.06	0.06	0.76	0	0	0	275.252	409.746	20.2146	0	0
produced	0	0.06	0.06	0.76	0	0	0	275.252	433.659	40.5928	0	0
knowledge	0	0.06	0.06	0.76	0	0	0	275.252	477.95	47.5964	0	0
00	00	00	00	00	00	00	00	00	00	00	00	00
00	00	00	00	00	00	00	00	00	00	00	00	00
00	00	00	00	00	00	00	00	00	00	00	00	00
bases	0	0.06	0.06	0.76	0	0	0	289.275	307.277	23.6291	0	0
containing	0	0.06	0.06	0.76	0	0	0	289.275	333.895	46.0582	0	0
many	0	0.06	0.06	0.76	0	0	0	289.275	382.953	24.0764	0	0
millions	0	0.06	0.06	0.76	0	0	0	289.275	410.019	35.7709	0	0
of	0	0.06	0.06	0.76	0	0	1	289.275	448.779	9.08728	0	0
relational	0	0.06	0.06	0.76	0	0	0	289.275	460.866	41.2037	0	0
facts	0	0.06	0.06	0.76	0	0	0	289.275	505.059	20.4873	0	0
00	00	00	00	00	00	00	00	00	00	00	00	00
00	00	00	00	00	00	00	00	00	00	00	00	00
00	00	00	00	00	00	00	00	00	00	00	00	00
between	0	0.06	0.06	0.76	0	0	0	303.299	307.277	36.3491	0	0
entities.	0	0.06	0.06	0.76	0	0	0	303.299	347.062	34.2437	0	0
However,	0	0.06	0.06	0.76	1	1	0	303.299	386.826	41.5637	0	0
despite	0	0.06	0.06	0.76	0	0	0	303.299	432.012	30.9055	0	0
these	0	0.06	0.06	0.76	0	0	0	303.299	466.364	22.4182	0	0
impres-	0	0.06	0.06	0.76	0	0	0	303.299	492.219	33.3273	0	0
00	00	00	00	00	00	00	00	00	00	00	00	00
00	00	00	00	00	00	00	00	00	00	00	00	00
00	00	00	00	00	00	00	00	00	00	00	00	00
sive	0	0.06	0.06	0.76	0	0	0	317.322	307.277	17.1382	0	0
advances,	0	0.06	0.06	0.76	0	1	0	317.322	327.677	42.4364	0	0
there	0	0.06	0.06	0.76	0	0	0	317.322	373.506	21.8073	0	0
are	0	0.06	0.06	0.76	0	0	0	317.322	398.575	13.32	0	0
still	0	0.06	0.06	0.76	0	0	0	317.322	415.146	16.3746	0	0
major	0	0.06	0.06	0.76	0	0	0	317.322	434.783	25.4509	0	0
limitations	0	0.06	0.06	0.76	0	0	0	317.322	463.495	46.68	0	0
re-	0	0.06	0.06	0.76	0	0	0	317.322	513.437	12.1091	0	0
00	00	00	00	00	00	00	00	00	00	00	00	00
00	00	00	00	00	00	00	00	00	00	00	00	00
00	00	00	00	00	00	00	00	00	00	00	00	00
garding	0	0.06	0.06	0.76	0	0	0	331.346	307.277	33.2728	0	0
precision.	0	0.06	0.06	0.76	0	0	0	331.346	343.637	42.72	0	0
Within	0	0.06	0.06	0.76	1	0	0	331.346	390.797	29.8691	0	0
the	0	0.06	0.06	0.76	0	0	0	331.346	423.753	13.3309	0	0
context	0	0.06	0.06	0.76	0	0	0	331.346	440.172	31.9528	0	0
of	0	0.06	0.06	0.76	0	0	1	331.346	475.201	9.08728	0	0
informa-	0	0.06	0.06	0.76	0	0	0	331.346	487.375	38.1709	0	0
00	00	00	00	00	00	00	00	00	00	00	00	00
00	00	00	00	00	00	00	00	00	00	00	00	00
00	00	00	00	00	00	00	00	00	00	00	00	00
tion	0	0.06	0.06	0.76	0	0	0	345.369	307.277	16.9746	0	0
extraction,	0	0.06	0.06	0.76	0	1	0	345.369	328.473	46.1891	0	0
fact	0	0.06	0.06	0.76	0	0	0	345.369	379.255	16.2436	0	0
extractors	0	0.06	0.06	0.76	0	0	0	345.369	399.721	42.8509	0	0
assign	0	0.06	0.06	0.76	0	0	0	345.369	446.793	27.2728	0	0
conﬁdence	0	0.06	0.06	0.76	0	0	0	345.369	478.288	47.2582	0	0
00	00	00	00	00	00	00	00	00	00	00	00	00
00	00	00	00	00	00	00	00	00	00	00	00	00
00	00	00	00	00	00	00	00	00	00	00	00	00
scores	0	0.06	0.06	0.76	0	0	0	359.393	307.277	27.2618	0	0
to	0	0.06	0.06	0.76	0	0	0	359.393	338.924	8.48728	0	0
extracted	0	0.06	0.06	0.76	0	0	0	359.393	351.786	39.8182	0	0
facts.	0	0.06	0.06	0.76	0	0	0	359.393	395.99	23.2146	0	0
However,	0	0.06	0.06	0.76	1	1	0	359.393	427.55	41.5637	0	0
such	0	0.06	0.06	0.76	0	0	0	359.393	473.903	19.9964	0	0
scores	0	0.06	0.06	0.76	0	0	0	359.393	498.284	27.2618	0	0
00	00	00	00	00	00	00	00	00	00	00	00	00
00	00	00	00	00	00	00	00	00	00	00	00	00
00	00	00	00	00	00	00	00	00	00	00	00	00
are	0	0.06	0.06	0.76	0	0	0	373.416	307.277	13.32	0	0
often	0	0.06	0.06	0.76	0	0	0	373.416	323.532	22.4182	0	0
tied	0	0.06	0.06	0.76	0	0	0	373.416	348.895	16.3637	0	0
to	0	0.06	0.06	0.76	0	0	0	373.416	368.193	8.48728	0	0
the	0	0.06	0.06	0.76	0	0	0	373.416	379.626	13.3309	0	0
extractor’s	0	0.06	0.06	0.76	0	0	0	373.416	395.892	45.8837	0	0
ability	0	0.06	0.06	0.76	0	0	0	373.416	444.721	27.8837	0	0
to	0	0.06	0.06	0.76	0	0	0	373.416	475.539	8.48728	0	0
read	0	0.06	0.06	0.76	0	0	0	373.416	486.965	19.5927	0	0
and	0	0.06	0.06	0.76	0	0	1	373.416	509.792	15.7527	0	0
00	00	00	00	00	00	00	00	00	00	00	00	00
00	00	00	00	00	00	00	00	00	00	00	00	00
00	00	00	00	00	00	00	00	00	00	00	00	00
understand	0	0.06	0.06	0.76	0	0	0	387.44	307.277	48.9819	0	0
natural	0	0.06	0.06	0.76	0	0	0	387.44	360.446	30.2946	0	0
language	0	0.06	0.06	0.76	0	0	0	387.44	394.635	39.3819	0	0
text.	0	0.06	0.06	0.76	0	0	0	387.44	437.912	18.9273	0	0
This	0	0.06	0.06	0.76	1	0	0	387.44	463.712	19.3964	0	0
is	0	0.06	0.06	0.76	0	0	0	387.44	487.002	7.27637	0	0
differ-	0	0.06	0.06	0.76	0	0	0	387.44	498.173	27.3709	0	0
00	00	00	00	00	00	00	00	00	00	00	00	00
00	00	00	00	00	00	00	00	00	00	00	00	00
00	00	00	00	00	00	00	00	00	00	00	00	00
ent	0	0.07	0.07	0.76	0	0	0	401.463	307.277	13.3309	0	0
from	0	0.07	0.07	0.76	0	0	0	401.463	323.204	21.2073	0	0
a	0	0.07	0.07	0.76	0	0	0	401.463	346.997	4.84364	0	0
score	0	0.07	0.07	0.76	0	0	0	401.463	354.437	23.0182	0	0
that	0	0.07	0.07	0.76	0	0	0	401.463	380.052	16.3637	0	0
indicates	0	0.07	0.07	0.76	0	0	0	401.463	399.001	38.7819	0	0
the	0	0.07	0.07	0.76	0	0	0	401.463	440.379	13.3309	0	0
degree	0	0.07	0.07	0.76	0	0	0	401.463	456.306	28.9091	0	0
to	0	0.07	0.07	0.76	0	0	0	401.463	487.801	8.48728	0	0
which	0	0.07	0.07	0.76	0	0	0	401.463	498.884	26.6618	0	0
00	00	00	00	00	00	00	00	00	00	00	00	00
00	00	00	00	00	00	00	00	00	00	00	00	00
00	00	00	00	00	00	00	00	00	00	00	00	00
a	0	0.07	0.07	0.76	0	0	0	415.486	307.277	4.84364	0	0
given	0	0.07	0.07	0.76	0	0	0	415.486	315.862	23.8037	0	0
fact	0	0.07	0.07	0.76	0	0	0	415.486	343.397	16.2436	0	0
candidate	0	0.07	0.07	0.76	0	0	0	415.486	363.383	41.8037	0	0
is	0	0.07	0.07	0.76	0	0	0	415.486	408.917	7.27637	0	0
believable.	0	0.07	0.07	0.76	0	0	0	415.486	423.668	47.3993	0	0
Such	0	0.07	0.07	0.76	1	0	0	415.486	477.482	21.8182	0	0
a	0	0.07	0.07	0.76	0	0	0	415.486	503.031	4.84364	0	0
be-	0	0.07	0.07	0.76	0	0	0	415.486	511.616	13.9309	0	0
00	00	00	00	00	00	00	00	00	00	00	00	00
00	00	00	00	00	00	00	00	00	00	00	00	00
00	00	00	00	00	00	00	00	00	00	00	00	00
lievability	0	0.07	0.07	0.76	0	0	0	429.51	307.277	43.7019	0	0
score	0	0.07	0.07	0.76	0	0	0	429.51	354.972	23.0182	0	0
is	0	0.07	0.07	0.76	0	0	0	429.51	381.983	7.27637	0	0
sometimes	0	0.07	0.07	0.76	0	0	0	429.51	393.252	46.6582	0	0
also	0	0.07	0.07	0.76	0	0	0	429.51	443.903	17.5746	0	0
referred	0	0.07	0.07	0.76	0	0	0	429.51	465.47	34.5164	0	0
to	0	0.07	0.07	0.76	0	0	0	429.51	503.979	8.48728	0	0
as	0	0.07	0.07	0.76	0	0	0	429.51	516.459	9.08728	0	0
00	00	00	00	00	00	00	00	00	00	00	00	00
00	00	00	00	00	00	00	00	00	00	00	00	00
00	00	00	00	00	00	00	00	00	00	00	00	00
a	0	0.07	0.07	0.76	0	0	0	443.533	307.277	4.84364	0	0
credibility	0	0.07	0.07	0.76	0	0	0	443.533	315.797	44.8473	0	0
score	0	0.07	0.07	0.76	0	0	0	443.533	364.332	23.0182	0	0
or	0	0.07	0.07	0.76	0	0	0	443.533	391.026	9.08728	0	0
truthfulness	0	0.07	0.07	0.76	0	0	0	443.533	403.79	51.5128	0	0
score.	0	0.07	0.07	0.76	0	0	0	443.533	458.99	25.7455	0	0
The	0	0.07	0.07	0.76	1	0	1	443.533	490.975	16.9637	0	0
be-	0	0.07	0.07	0.76	0	0	0	443.533	511.615	13.9309	0	0
00	00	00	00	00	00	00	00	00	00	00	00	00
00	00	00	00	00	00	00	00	00	00	00	00	00
00	00	00	00	00	00	00	00	00	00	00	00	00
lievability	0	0.07	0.07	0.76	0	0	0	457.557	307.277	43.7019	0	0
score	0	0.07	0.07	0.76	0	0	0	457.557	353.488	23.0182	0	0
reﬂects	0	0.07	0.07	0.76	0	0	0	457.557	379.015	31.5055	0	0
the	0	0.07	0.07	0.76	0	0	0	457.557	413.03	13.3309	0	0
likelihood	0	0.07	0.07	0.76	0	0	0	457.557	428.87	44.1382	0	0
that	0	0.07	0.07	0.76	0	0	0	457.557	475.517	16.3637	0	0
a	0	0.07	0.07	0.76	0	0	0	457.557	494.39	4.84364	0	0
given	0	0.07	0.07	0.76	0	0	0	457.557	501.743	23.8037	0	0
00	00	00	00	00	00	00	00	00	00	00	00	00
00	00	00	00	00	00	00	00	00	00	00	00	00
00	00	00	00	00	00	00	00	00	00	00	00	00
statement	0	0.07	0.07	0.76	0	0	0	471.58	307.277	41.8146	0	0
is	0	0.07	0.07	0.76	0	0	0	471.58	352.135	7.27637	0	0
true.	0	0.07	0.07	0.76	0	0	0	471.58	362.455	19.6909	0	0
Truth-ﬁnding	0	0.07	0.07	0.76	1	0	0	471.58	386.488	58.4073	0	0
algorithms	0	0.07	0.07	0.76	0	0	0	471.58	447.939	46.6691	0	0
aim	0	0.07	0.07	0.76	0	0	0	471.58	497.652	16.3637	0	0
to	0	0.07	0.07	0.76	0	0	0	471.58	517.059	8.48728	0	0
00	00	00	00	00	00	00	00	00	00	00	00	00
00	00	00	00	00	00	00	00	00	00	00	00	00
00	00	00	00	00	00	00	00	00	00	00	00	00
compute	0	0.07	0.07	0.76	0	0	0	485.604	307.277	37.5709	0	0
this	0	0.07	0.07	0.76	0	0	0	485.604	347.575	15.7636	0	0
score	0	0.07	0.07	0.76	0	0	0	485.604	366.066	23.0182	0	0
for	0	0.07	0.07	0.76	0	0	0	485.604	391.812	12.72	0	0
each	0	0.07	0.07	0.76	0	0	0	485.604	407.259	19.9855	0	0
fact	0	0.07	0.07	0.76	0	0	0	485.604	429.972	16.2436	0	0
candidate.	0	0.07	0.07	0.76	0	0	0	485.604	448.943	44.5309	0	0
00	00	00	00	00	00	00	00	00	00	00	00	00
00	00	00	00	00	00	00	00	00	00	00	00	00
00	00	00	00	00	00	00	00	00	00	00	00	00
Prior	0	0.07	0.07	0.76	1	0	0	499.903	318.186	21.8182	0	0
truth-ﬁnding	0	0.07	0.07	0.76	0	0	0	499.903	342.448	55.1564	0	0
methods	0	0.07	0.07	0.76	0	0	0	499.903	400.037	36.9709	0	0
are	0	0.07	0.07	0.76	0	0	0	499.903	439.452	13.32	0	0
mostly	0	0.07	0.07	0.76	0	0	0	499.903	455.215	29.7055	0	0
based	0	0.07	0.07	0.76	0	0	0	499.903	487.353	24.84	0	0
on	0	0.07	0.07	0.76	0	0	0	499.903	514.637	10.9091	0	0
00	00	00	00	00	00	00	00	00	00	00	00	00
00	00	00	00	00	00	00	00	00	00	00	00	00
00	00	00	00	00	00	00	00	00	00	00	00	00
iterative	0	0.07	0.07	0.76	0	0	0	513.926	307.277	35.3128	0	0
voting,	0	0.07	0.07	0.76	0	1	0	513.926	345.928	30.3928	0	0
where	0	0.07	0.07	0.76	0	0	0	513.926	379.801	26.6509	0	0
votes	0	0.07	0.07	0.76	0	0	0	513.926	409.79	22.8109	0	0
are	0	0.07	0.07	0.76	0	0	0	513.926	435.939	13.32	0	0
propagated	0	0.07	0.07	0.76	0	0	0	513.926	452.586	48.4146	0	0
from	0	0.07	0.07	0.76	0	0	0	513.926	504.339	21.2073	0	0
00	00	00	00	00	00	00	00	00	00	00	00	00
00	00	00	00	00	00	00	00	00	00	00	00	00
00	00	00	00	00	00	00	00	00	00	00	00	00
sources	0	0.07	0.07	0.76	0	0	0	527.95	307.277	32.7164	0	0
to	0	0.07	0.07	0.76	0	0	0	527.95	342.295	8.48728	0	0
fact	0	0.07	0.07	0.76	0	0	0	527.95	353.084	16.2436	0	0
candidates	0	0.07	0.07	0.76	0	0	0	527.95	371.641	46.0473	0	0
and	0	0.07	0.07	0.76	0	0	1	527.95	419.99	15.7527	0	0
then	0	0.07	0.07	0.76	0	0	0	527.95	438.044	18.7855	0	0
back	0	0.07	0.07	0.76	0	0	0	527.95	459.132	20.5964	0	0
to	0	0.07	0.07	0.76	0	0	0	527.95	482.041	8.48728	0	0
sources	0	0.07	0.07	0.76	0	0	0	527.95	492.83	32.7164	0	0
00	00	00	00	00	00	00	00	00	00	00	00	00
00	00	00	00	00	00	00	00	00	00	00	00	00
00	00	00	00	00	00	00	00	00	00	00	00	00
(Yin	0	0.08	0.08	0.76	0	0	0	541.973	307.277	19.3964	0	0
et	0	0.08	0.08	0.76	0	0	0	541.973	331.561	7.87637	0	0
al.,	0	0.08	0.08	0.76	0	1	0	541.973	344.313	13.3309	0	0
2007;	0	0.08	0.08	0.76	0	0	0	541.973	363.066	24.8509	0	0
Galland	0	0.08	0.08	0.76	1	0	0	541.973	393.884	34.5382	0	0
et	0	0.08	0.08	0.76	0	0	0	541.973	433.31	7.87637	0	0
al.,	0	0.08	0.08	0.76	0	1	0	541.973	446.063	13.3309	0	0
2010;	0	0.08	0.08	0.76	0	0	0	541.973	464.815	24.8509	0	0
Paster-	0	0.08	0.08	0.76	1	0	0	541.973	495.634	29.9128	0	2
00	00	00	00	00	00	00	00	00	00	00	00	00
00	00	00	00	00	00	00	00	00	00	00	00	00
00	00	00	00	00	00	00	00	00	00	00	00	00
nack	0	0.08	0.08	0.76	0	0	0	555.997	307.277	20.5964	0	0
and	0	0.08	0.08	0.76	0	0	1	555.997	332.63	15.7527	0	0
Roth,	0	0.08	0.08	0.76	1	1	0	555.997	353.139	23.9455	0	0
2010;	0	0.08	0.08	0.76	0	0	0	555.997	382.343	24.8509	0	0
Li	0	0.08	0.08	0.76	1	0	0	555.997	412.964	9.69819	0	0
et	0	0.08	0.08	0.76	0	0	0	555.997	427.419	7.87637	0	0
al.,	0	0.08	0.08	0.76	0	1	0	555.997	440.052	13.3309	0	0
2011;	0	0.08	0.08	0.76	0	0	0	555.997	458.652	24.8509	0	0
Yin	0	0.08	0.08	0.76	1	0	0	555.997	489.274	15.7636	0	0
and	0	0.08	0.08	0.76	0	0	1	555.997	509.794	15.7527	0	0
00	00	00	00	00	00	00	00	00	00	00	00	00
00	00	00	00	00	00	00	00	00	00	00	00	00
00	00	00	00	00	00	00	00	00	00	00	00	00
Tan,	0	0.08	0.08	0.76	1	1	0	570.02	307.277	18.8182	0	0
2011).	0	0.08	0.08	0.76	0	0	0	570.02	329.979	28.1782	0	0
At	0	0.08	0.08	0.76	1	0	0	570.02	364.31	10.9091	0	0
the	0	0.08	0.08	0.76	0	0	0	570.02	378.863	13.3309	0	0
core	0	0.08	0.08	0.76	0	0	0	570.02	395.848	18.7746	0	0
of	0	0.08	0.08	0.76	0	0	1	570.02	418.266	9.08728	0	0
iterative	0	0.08	0.08	0.76	0	0	0	570.02	431.008	35.3128	0	0
voting	0	0.08	0.08	0.76	0	0	0	570.02	469.975	27.6655	0	0
is	0	0.08	0.08	0.76	0	0	0	570.02	501.284	7.27637	0	0
the	0	0.08	0.08	0.76	0	0	0	570.02	512.215	13.3309	0	0
00	00	00	00	00	00	00	00	00	00	00	00	00
00	00	00	00	00	00	00	00	00	00	00	00	00
00	00	00	00	00	00	00	00	00	00	00	00	00
assumption	0	0.08	0.08	0.76	0	0	0	584.044	307.277	49.7019	0	0
that	0	0.08	0.08	0.76	0	0	0	584.044	361.997	16.3637	0	0
candidates	0	0.08	0.08	0.76	0	0	0	584.044	383.39	46.0473	0	0
mentioned	0	0.08	0.08	0.76	0	0	0	584.044	434.455	46.0582	0	0
by	0	0.08	0.08	0.76	0	0	0	584.044	485.532	10.9091	0	0
many	0	0.08	0.08	0.76	0	0	0	584.044	501.47	24.0764	0	0
00	00	00	00	00	00	00	00	00	00	00	00	00
00	00	00	00	00	00	00	00	00	00	00	00	00
00	00	00	00	00	00	00	00	00	00	00	00	00
sources	0	0.08	0.08	0.76	0	0	0	598.067	307.277	32.7164	0	0
are	0	0.08	0.08	0.76	0	0	0	598.067	343.561	13.32	0	0
more	0	0.08	0.08	0.76	0	0	0	598.067	360.448	22.4182	0	0
likely	0	0.08	0.08	0.76	0	0	0	598.067	386.433	24.7418	0	0
to	0	0.08	0.08	0.76	0	0	0	598.067	414.753	8.48728	0	0
be	0	0.08	0.08	0.76	0	0	0	598.067	426.808	10.2982	0	0
true.	0	0.08	0.08	0.76	0	0	0	598.067	440.673	19.6909	0	0
However,	0	0.08	0.08	0.76	1	1	0	598.067	466.266	41.5637	0	0
ad-	0	0.08	0.08	0.76	0	0	0	598.067	511.615	13.9309	0	0
00	00	00	00	00	00	00	00	00	00	00	00	00
00	00	00	00	00	00	00	00	00	00	00	00	00
00	00	00	00	00	00	00	00	00	00	00	00	00
ditional	0	0.08	0.08	0.76	0	0	0	612.091	307.277	33.3382	0	0
aspects	0	0.08	0.08	0.76	0	0	0	612.091	343.626	31.5055	0	0
of	0	0.08	0.08	0.76	0	0	1	612.091	378.132	9.08728	0	0
a	0	0.08	0.08	0.76	0	0	0	612.091	390.23	4.84364	0	0
source	0	0.08	0.08	0.76	0	0	0	612.091	398.084	28.4728	0	0
inﬂuence	0	0.08	0.08	0.76	0	0	0	612.091	429.568	39.9819	0	0
its	0	0.08	0.08	0.76	0	0	0	612.091	472.561	10.3091	0	0
trustwor-	0	0.08	0.08	0.76	0	0	0	612.091	485.881	39.6655	0	0
00	00	00	00	00	00	00	00	00	00	00	00	00
00	00	00	00	00	00	00	00	00	00	00	00	00
00	00	00	00	00	00	00	00	00	00	00	00	00
thiness,	0	0.08	0.08	0.76	0	1	0	626.114	307.277	33.0328	0	0
besides	0	0.08	0.08	0.76	0	0	0	626.114	343.037	32.1164	0	0
external	0	0.08	0.08	0.76	0	0	0	626.114	377.881	34.9746	0	0
votes.	0	0.08	0.08	0.76	0	0	0	626.114	415.583	25.5382	0	0
00	00	00	00	00	00	00	00	00	00	00	00	00
00	00	00	00	00	00	00	00	00	00	00	00	00
00	00	00	00	00	00	00	00	00	00	00	00	00
Our	0	0.08	0.08	0.76	1	0	0	640.413	318.186	16.9637	0	0
goal	0	0.08	0.08	0.76	0	0	0	640.413	338.542	18.7855	0	0
is	0	0.08	0.08	0.76	0	0	0	640.413	360.721	7.27637	0	0
to	0	0.08	0.08	0.76	0	0	0	640.413	371.39	8.48728	0	0
accurately	0	0.08	0.08	0.76	0	0	0	640.413	383.281	44.8255	0	0
assess	0	0.08	0.08	0.76	0	0	0	640.413	431.499	26.6618	0	0
truthfulness	0	0.08	0.08	0.76	0	0	0	640.413	461.553	51.5128	0	0
of	0	0.08	0.08	0.76	0	0	1	640.413	516.459	9.08728	0	0
00	00	00	00	00	00	00	00	00	00	00	00	00
00	00	00	00	00	00	00	00	00	00	00	00	00
00	00	00	00	00	00	00	00	00	00	00	00	00
fact	0	0.08	0.08	0.76	0	0	0	654.437	307.277	16.2436	0	0
candidates	0	0.08	0.08	0.76	0	0	0	654.437	328.746	46.0473	0	0
by	0	0.08	0.08	0.76	0	0	0	654.437	380.019	10.9091	0	0
taking	0	0.08	0.08	0.76	0	0	0	654.437	396.164	27.2728	0	0
into	0	0.08	0.08	0.76	0	0	0	654.437	428.663	16.9746	0	0
account	0	0.08	0.08	0.76	0	0	0	654.437	450.863	33.9273	0	0
the	0	0.08	0.08	0.76	0	0	0	654.437	490.026	13.3309	0	0
lan-	0	0.08	0.08	0.76	0	0	0	654.437	508.583	16.9637	0	0
00	00	00	00	00	00	00	00	00	00	00	00	00
00	00	00	00	00	00	00	00	00	00	00	00	00
00	00	00	00	00	00	00	00	00	00	00	00	00
guage	0	0.08	0.08	0.76	0	0	0	668.46	307.277	26.0509	0	0
of	0	0.08	0.08	0.76	0	0	1	668.46	336.873	9.08728	0	0
sources	0	0.08	0.08	0.76	0	0	0	668.46	349.506	32.7164	0	0
that	0	0.08	0.08	0.76	0	0	0	668.46	385.768	16.3637	0	0
mention	0	0.08	0.08	0.76	0	0	0	668.46	405.677	35.7491	0	0
them.	0	0.08	0.08	0.76	0	0	0	668.46	444.972	24.5455	0	0
A	0	0.08	0.08	0.76	1	0	0	668.46	475.354	7.87637	0	2
Mechan-	0	0.08	0.08	0.76	1	0	0	668.46	486.775	38.7709	0	2
00	00	00	00	00	00	00	00	00	00	00	00	00
00	00	00	00	00	00	00	00	00	00	00	00	00
00	00	00	00	00	00	00	00	00	00	00	00	00
ical	0	0.09	0.09	0.76	0	0	0	682.483	307.277	15.7527	0	0
Turk	0	0.09	0.09	0.76	1	0	0	682.483	326.346	20.7164	0	0
study	0	0.09	0.09	0.76	0	0	0	682.483	350.379	23.64	0	0
we	0	0.09	0.09	0.76	0	0	0	682.483	377.335	12.72	0	0
carried	0	0.09	0.09	0.76	0	0	0	682.483	393.372	30.2837	0	0
out	0	0.09	0.09	0.76	0	0	0	682.483	426.972	13.9418	0	0
revealed	0	0.09	0.09	0.76	0	0	0	682.483	444.23	36.5128	0	0
that	0	0.09	0.09	0.76	0	0	0	682.483	484.059	16.3637	0	0
there	0	0.09	0.09	0.76	0	0	0	682.483	503.739	21.8073	0	0
00	00	00	00	00	00	00	00	00	00	00	00	00
00	00	00	00	00	00	00	00	00	00	00	00	00
00	00	00	00	00	00	00	00	00	00	00	00	00
is	0	0.09	0.09	0.76	0	0	0	696.507	307.277	7.27637	0	0
a	0	0.09	0.09	0.76	0	0	0	696.507	318.153	4.84364	0	0
signiﬁcant	0	0.09	0.09	0.76	0	0	0	696.507	326.597	45.4582	0	0
correlation	0	0.09	0.09	0.76	0	0	0	696.507	375.655	47.2582	0	0
between	0	0.09	0.09	0.76	0	0	0	696.507	426.513	36.3491	0	0
objectivity	0	0.09	0.09	0.76	0	0	0	696.507	466.463	46.3964	0	0
of	0	0.09	0.09	0.76	0	0	1	696.507	516.459	9.08728	0	0
00	00	00	00	00	00	00	00	00	00	00	00	00
00	00	00	00	00	00	00	00	00	00	00	00	00
00	00	00	00	00	00	00	00	00	00	00	00	00
language	0	0.09	0.09	0.76	0	0	0	710.53	307.277	39.3819	0	0
and	0	0.09	0.09	0.76	0	0	1	710.53	350.542	15.7527	0	0
trustworthiness	0	0.09	0.09	0.76	0	0	0	710.53	370.168	66.5564	0	0
of	0	0.09	0.09	0.76	0	0	1	710.53	440.608	9.08728	0	0
sources.	0	0.09	0.09	0.76	0	0	0	710.53	453.579	35.4437	0	0
Objec-	0	0.09	0.09	0.76	1	0	0	710.53	495.863	29.6837	0	2
00	00	00	00	00	00	00	00	00	00	00	00	00
00	00	00	00	00	00	00	00	00	00	00	00	00
00	00	00	00	00	00	00	00	00	00	00	00	00
tivity	0	0.09	0.09	0.76	0	0	0	724.554	307.277	22.7673	0	0
of	0	0.09	0.09	0.76	0	0	1	724.554	335.51	9.08728	0	0
language	0	0.09	0.09	0.76	0	0	0	724.554	350.062	39.3819	0	0
refers	0	0.09	0.09	0.76	0	0	0	724.554	394.91	24.8291	0	0
to	0	0.09	0.09	0.76	0	0	0	724.554	425.204	8.48728	0	0
the	0	0.09	0.09	0.76	0	0	0	724.554	439.168	13.3309	0	0
use	0	0.09	0.09	0.76	0	0	0	724.554	457.964	14.5418	0	0
of	0	0.09	0.09	0.76	0	0	1	724.554	477.972	9.08728	0	0
neutral,	0	0.09	0.09	0.76	0	1	0	724.554	492.524	33.0218	0	0
00	00	00	00	00	00	00	00	00	00	00	00	00
00	00	00	00	00	00	00	00	00	00	00	00	00
00	00	00	00	00	00	00	00	00	00	00	00	00
impartial	0	0.09	0.09	0.76	0	0	0	738.577	307.277	39.3928	0	0
language,	0	0.09	0.09	0.76	0	1	0	738.577	350.902	42.1091	0	0
which	0	0.09	0.09	0.76	0	0	0	738.577	397.626	26.6618	0	0
is	0	0.09	0.09	0.76	0	0	0	738.577	428.521	7.27637	0	0
not	0	0.09	0.09	0.76	0	0	0	738.577	440.041	13.9418	0	0
personal,	0	0.09	0.09	0.76	0	1	0	738.577	458.215	39.6873	0	0
judg-	0	0.09	0.09	0.76	0	0	0	738.577	502.517	23.0291	0	0
00	00	00	00	00	00	00	00	00	00	00	00	00
00	00	00	00	00	00	00	00	00	00	00	00	00
00	00	00	00	00	00	00	00	00	00	00	00	00
mental,	0	0.09	0.09	0.76	0	1	0	752.601	307.277	32.4218	0	0
or	0	0.09	0.09	0.76	0	0	0	752.601	344.662	9.08728	0	0
emotional.	0	0.09	0.09	0.76	0	0	0	752.601	358.266	46.3637	0	0
Trustworthiness	0	0.09	0.09	0.76	1	0	0	752.601	413.39	69.8073	0	0
refers	0	0.09	0.09	0.76	0	0	0	752.601	487.714	24.8291	0	0
to	0	0.09	0.09	0.76	0	0	0	752.601	517.059	8.48728	0	0
00	00	00	00	00	00	00	00	00	00	00	00	00
00	00	00	00	00	00	00	00	00	00	00	00	00
00	00	00	00	00	00	00	00	00	00	00	00	00
1009	0	0.09	0.09	0.76	0	0	0	786.617	287.863	21.8182	0	0
00	00	00	00	00	00	00	00	00	00	00	00	00
00	00	00	00	00	00	00	00	00	00	00	00	00
00	00	00	00	00	00	00	00	00	00	00	00	00
a	0	0.09	0.09	0.76	0	0	0	63.4024	72.001	4.84364	0	0
source	0	0.09	0.09	0.76	0	0	0	63.4024	80.761	28.4728	0	0
of	0	0.09	0.09	0.76	0	0	1	63.4024	113.15	9.08728	0	0
information	0	0.09	0.09	0.76	0	0	0	63.4024	126.154	51.5128	0	0
being	0	0.09	0.09	0.76	0	0	0	63.4024	181.572	24.24	0	0
reliable	0	0.09	0.09	0.76	0	0	0	63.4024	209.728	32.7164	0	0
and	0	0.09	0.09	0.76	0	0	1	63.4024	246.361	15.7527	0	0
truth-	0	0.09	0.09	0.76	0	0	0	63.4024	266.03	24.24	0	0
00	00	00	00	00	00	00	00	00	00	00	00	00
00	00	00	00	00	00	00	00	00	00	00	00	00
00	00	00	00	00	00	00	00	00	00	00	00	00
ful.	0	0.09	0.09	0.76	0	0	0	77.4264	72.001	14.8473	0	0
We	0	0.09	0.09	0.76	1	0	0	77.4264	90.2737	14.2691	0	0
use	0	0.09	0.09	0.76	0	0	0	77.4264	107.292	14.5418	0	0
linguistics	0	0.09	0.09	0.76	0	0	0	77.4264	124.572	44.8582	0	0
features	0	0.09	0.09	0.76	0	0	0	77.4264	172.179	34.5273	0	0
to	0	0.09	0.09	0.76	0	0	0	77.4264	209.445	8.48728	0	0
detect	0	0.09	0.09	0.76	0	0	0	77.4264	220.681	26.0509	0	0
if	0	0.09	0.09	0.76	0	0	0	77.4264	249.47	6.66546	0	0
a	0	0.09	0.09	0.76	0	0	0	77.4264	258.874	4.84364	0	0
given	0	0.09	0.09	0.76	0	0	0	77.4264	266.467	23.8037	0	0
00	00	00	00	00	00	00	00	00	00	00	00	00
00	00	00	00	00	00	00	00	00	00	00	00	00
00	00	00	00	00	00	00	00	00	00	00	00	00
source	0	0.09	0.09	0.76	0	0	0	91.4494	72.001	28.4728	0	0
objectively	0	0.09	0.09	0.76	0	0	0	91.4494	105.808	48.0437	0	0
states	0	0.09	0.09	0.76	0	0	0	91.4494	159.187	24.24	0	0
facts	0	0.09	0.09	0.76	0	0	0	91.4494	188.761	20.4873	0	0
or	0	0.09	0.09	0.76	0	0	0	91.4494	214.594	9.08728	0	0
is	0	0.09	0.09	0.76	0	0	0	91.4494	229.016	7.27637	0	0
speculative	0	0.09	0.09	0.76	0	0	0	91.4494	241.627	48.6437	0	0
00	00	00	00	00	00	00	00	00	00	00	00	00
00	00	00	00	00	00	00	00	00	00	00	00	00
00	00	00	00	00	00	00	00	00	00	00	00	00
and	0	0.1	0.1	0.76	0	0	1	105.473	72.001	15.7527	0	0
opinionated.	0	0.1	0.1	0.76	0	0	0	105.473	91.1574	54.24	0	0
Additionally,	0	0.1	0.1	0.76	1	1	0	105.473	150.83	57.1746	0	0
in	0	0.1	0.1	0.76	0	0	0	105.473	211.583	8.48728	0	0
order	0	0.1	0.1	0.76	0	0	0	105.473	223.474	23.0182	0	0
to	0	0.1	0.1	0.76	0	0	0	105.473	249.907	8.47637	0	0
ensure	0	0.1	0.1	0.76	0	0	0	105.473	261.798	28.4728	0	0
00	00	00	00	00	00	00	00	00	00	00	00	00
00	00	00	00	00	00	00	00	00	00	00	00	00
00	00	00	00	00	00	00	00	00	00	00	00	00
that	0	0.1	0.1	0.76	0	0	0	119.496	72.001	16.3636	0	0
fact	0	0.1	0.1	0.76	0	0	0	119.496	92.041	16.2436	0	0
candidates	0	0.1	0.1	0.76	0	0	0	119.496	111.961	46.0473	0	0
mentioned	0	0.1	0.1	0.76	0	0	0	119.496	161.674	46.0582	0	0
in	0	0.1	0.1	0.76	0	0	0	119.496	211.408	8.48728	0	0
similar	0	0.1	0.1	0.76	0	0	0	119.496	223.572	30.3055	0	0
sources	0	0.1	0.1	0.76	0	0	0	119.496	257.554	32.7164	0	0
00	00	00	00	00	00	00	00	00	00	00	00	00
00	00	00	00	00	00	00	00	00	00	00	00	00
00	00	00	00	00	00	00	00	00	00	00	00	00
have	0	0.1	0.1	0.76	0	0	0	133.52	72.001	20.2146	0	0
similar	0	0.1	0.1	0.76	0	0	0	133.52	95.2483	30.3055	0	0
believability	0	0.1	0.1	0.76	0	0	0	133.52	128.576	54	0	0
scores,	0	0.1	0.1	0.76	0	1	0	133.52	185.608	29.9891	0	0
our	0	0.1	0.1	0.76	0	0	0	133.52	218.696	14.5418	0	0
believability	0	0.1	0.1	0.76	0	0	0	133.52	236.27	54	0	0
00	00	00	00	00	00	00	00	00	00	00	00	00
00	00	00	00	00	00	00	00	00	00	00	00	00
00	00	00	00	00	00	00	00	00	00	00	00	00
computation	0	0.1	0.1	0.76	0	0	0	147.543	72.001	54.5455	0	0
model	0	0.1	0.1	0.76	0	0	0	147.543	130.452	27.2728	0	0
incorporates	0	0.1	0.1	0.76	0	0	0	147.543	161.63	53.9237	0	0
inﬂuence	0	0.1	0.1	0.76	0	0	0	147.543	219.448	39.9928	0	0
of	0	0.1	0.1	0.76	0	0	1	147.543	263.347	9.08728	0	0
co-	0	0.1	0.1	0.76	0	0	0	147.543	276.339	13.9309	0	0
00	00	00	00	00	00	00	00	00	00	00	00	00
00	00	00	00	00	00	00	00	00	00	00	00	00
00	00	00	00	00	00	00	00	00	00	00	00	00
mentions.	0	0.1	0.1	0.76	0	0	0	161.567	72.001	42.7309	0	0
However,	0	0.1	0.1	0.76	1	1	0	161.567	119.194	41.5637	0	0
we	0	0.1	0.1	0.76	0	0	0	161.567	163.932	12.72	0	0
must	0	0.1	0.1	0.76	0	0	0	161.567	179.739	21.2182	0	0
avoid	0	0.1	0.1	0.76	0	0	0	161.567	204.045	23.8037	0	0
falsely	0	0.1	0.1	0.76	0	0	0	161.567	230.936	28.9746	0	0
boost-	0	0.1	0.1	0.76	0	0	0	161.567	262.998	27.2727	0	0
00	00	00	00	00	00	00	00	00	00	00	00	00
00	00	00	00	00	00	00	00	00	00	00	00	00
00	00	00	00	00	00	00	00	00	00	00	00	00
ing	0	0.1	0.1	0.76	0	0	0	175.59	72.001	13.9418	0	0
co-mentioned	0	0.1	0.1	0.76	0	0	0	175.59	89.1828	59.9891	0	0
fact	0	0.1	0.1	0.76	0	0	0	175.59	152.423	16.2436	0	0
candidates.	0	0.1	0.1	0.76	0	0	0	175.59	171.907	48.7746	0	0
Our	0	0.1	0.1	0.76	1	0	0	175.59	225.612	16.9637	0	0
model	0	0.1	0.1	0.76	0	0	0	175.59	245.827	27.2728	0	0
ad-	0	0.1	0.1	0.76	0	0	0	175.59	276.339	13.9309	0	0
00	00	00	00	00	00	00	00	00	00	00	00	00
00	00	00	00	00	00	00	00	00	00	00	00	00
00	00	00	00	00	00	00	00	00	00	00	00	00
dresses	0	0.1	0.1	0.76	0	0	0	189.613	72.001	31.5055	0	0
potential	0	0.1	0.1	0.76	0	0	0	189.613	105.83	38.1818	0	0
false	0	0.1	0.1	0.76	0	0	0	189.613	146.336	20.4873	0	0
boosts	0	0.1	0.1	0.76	0	0	0	189.613	169.147	27.8837	0	0
in	0	0.1	0.1	0.76	0	0	0	189.613	199.343	8.48728	0	0
two	0	0.1	0.1	0.76	0	0	0	189.613	210.154	16.2546	0	0
ways:	0	0.1	0.1	0.76	0	0	0	189.613	228.732	25.3418	0	0
ﬁrst,	0	0.1	0.1	0.76	0	1	0	189.613	257.259	19.7018	0	0
by	0	0.1	0.1	0.76	0	0	0	189.613	279.361	10.9091	0	0
00	00	00	00	00	00	00	00	00	00	00	00	00
00	00	00	00	00	00	00	00	00	00	00	00	00
00	00	00	00	00	00	00	00	00	00	00	00	00
ensuring	0	0.1	0.1	0.76	0	0	0	203.637	72.001	37.5709	0	0
that	0	0.1	0.1	0.76	0	0	0	203.637	112.823	16.3637	0	0
co-mention	0	0.1	0.1	0.76	0	0	0	203.637	132.437	49.691	0	0
inﬂuence	0	0.1	0.1	0.76	0	0	0	203.637	185.379	39.9928	0	0
is	0	0.1	0.1	0.76	0	0	0	203.637	228.623	7.27637	0	0
only	0	0.1	0.1	0.76	0	0	0	203.637	239.15	19.3964	0	0
propa-	0	0.1	0.1	0.76	0	0	0	203.637	261.798	28.4728	0	0
00	00	00	00	00	00	00	00	00	00	00	00	00
00	00	00	00	00	00	00	00	00	00	00	00	00
00	00	00	00	00	00	00	00	00	00	00	00	00
gated	0	0.1	0.1	0.76	0	0	0	217.66	72.001	23.5746	0	0
to	0	0.1	0.1	0.76	0	0	0	217.66	98.4447	8.48728	0	0
related	0	0.1	0.1	0.76	0	0	0	217.66	109.812	29.6837	0	0
fact	0	0.1	0.1	0.76	0	0	0	217.66	142.365	16.2436	0	0
candidates;	0	0.1	0.1	0.76	0	0	0	217.66	161.488	49.08	0	0
second,	0	0.1	0.1	0.76	0	1	0	217.66	213.514	33.0218	0	0
by	0	0.1	0.1	0.76	0	0	0	217.66	249.438	10.9091	0	0
ensur-	0	0.1	0.1	0.76	0	0	0	217.66	263.227	27.0437	0	0
00	00	00	00	00	00	00	00	00	00	00	00	00
00	00	00	00	00	00	00	00	00	00	00	00	00
00	00	00	00	00	00	00	00	00	00	00	00	00
ing	0	0.1	0.1	0.76	0	0	0	231.684	72.001	13.9418	0	0
that	0	0.1	0.1	0.76	0	0	0	231.684	89.161	16.3636	0	0
the	0	0.1	0.1	0.76	0	0	0	231.684	108.743	13.3309	0	0
degree	0	0.1	0.1	0.76	0	0	0	231.684	125.292	28.9091	0	0
of	0	0.1	0.1	0.76	0	0	1	231.684	157.419	9.08728	0	0
co-mention	0	0.1	0.1	0.76	0	0	0	231.684	169.725	49.691	0	0
inﬂuence	0	0.1	0.1	0.76	0	0	0	231.684	222.634	39.9928	0	0
is	0	0.1	0.1	0.76	0	0	0	231.684	265.845	7.27637	0	0
de-	0	0.1	0.1	0.76	0	0	0	231.684	276.339	13.9309	0	0
00	00	00	00	00	00	00	00	00	00	00	00	00
00	00	00	00	00	00	00	00	00	00	00	00	00
00	00	00	00	00	00	00	00	00	00	00	00	00
termined	0	0.11	0.11	0.76	0	0	0	245.707	72.001	38.7819	0	0
by	0	0.11	0.11	0.76	0	0	0	245.707	114.361	10.9091	0	0
the	0	0.11	0.11	0.76	0	0	0	245.707	128.859	13.3309	0	0
trustworthiness	0	0.11	0.11	0.76	0	0	0	245.707	145.768	66.5564	0	0
of	0	0.11	0.11	0.76	0	0	1	245.707	215.903	9.08728	0	0
the	0	0.11	0.11	0.76	0	0	0	245.707	228.568	13.3309	0	0
sources	0	0.11	0.11	0.76	0	0	0	245.707	245.488	32.7164	0	0
in	0	0.11	0.11	0.76	0	0	0	245.707	281.783	8.48728	0	0
00	00	00	00	00	00	00	00	00	00	00	00	00
00	00	00	00	00	00	00	00	00	00	00	00	00
00	00	00	00	00	00	00	00	00	00	00	00	00
which	0	0.11	0.11	0.76	0	0	0	259.731	72.001	26.6618	0	0
co-mentions	0	0.11	0.11	0.76	0	0	0	259.731	101.39	53.9346	0	0
occur.	0	0.11	0.11	0.76	0	0	0	259.731	158.052	26.3564	0	0
00	00	00	00	00	00	00	00	00	00	00	00	00
00	00	00	00	00	00	00	00	00	00	00	00	00
00	00	00	00	00	00	00	00	00	00	00	00	00
The	0	0.11	0.11	0.76	1	0	1	273.754	82.91	16.9637	0	0
contribution	0	0.11	0.11	0.76	0	0	0	273.754	104.597	53.1164	0	0
of	0	0.11	0.11	0.76	0	0	1	273.754	162.437	9.08728	0	0
this	0	0.11	0.11	0.76	0	0	0	273.754	176.248	15.7636	0	0
paper	0	0.11	0.11	0.76	0	0	0	273.754	196.736	24.2291	0	0
is	0	0.11	0.11	0.76	0	0	0	273.754	225.688	7.27637	0	0
a	0	0.11	0.11	0.76	0	0	0	273.754	237.688	4.84364	0	0
language-	0	0.11	0.11	0.76	0	0	0	273.754	247.256	43.0146	0	0
00	00	00	00	00	00	00	00	00	00	00	00	00
00	00	00	00	00	00	00	00	00	00	00	00	00
00	00	00	00	00	00	00	00	00	00	00	00	00
aware	0	0.11	0.11	0.76	0	0	0	287.778	72.001	25.7673	0	0
truth-ﬁnding	0	0.11	0.11	0.76	0	0	0	287.778	103.506	55.1564	0	0
approach.	0	0.11	0.11	0.76	0	0	0	287.778	164.39	42.7091	0	0
More	0	0.11	0.11	0.76	1	0	0	287.778	219.503	23.6291	0	0
precisely,	0	0.11	0.11	0.76	0	1	0	287.778	248.87	41.4	0	0
00	00	00	00	00	00	00	00	00	00	00	00	00
00	00	00	00	00	00	00	00	00	00	00	00	00
00	00	00	00	00	00	00	00	00	00	00	00	00
we	0	0.11	0.11	0.76	0	0	0	301.801	72.001	12.72	0	0
make	0	0.11	0.11	0.76	0	0	0	301.801	90.7428	23.52	0	0
the	0	0.11	0.11	0.76	0	0	0	301.801	120.296	13.3309	0	0
following	0	0.11	0.11	0.76	0	0	0	301.801	139.648	42.1528	0	0
contributions:	0	0.11	0.11	0.76	0	0	0	301.801	187.823	60.3928	0	0
(1)	0	0.11	0.11	0.76	0	0	0	301.801	258.198	12.72	0	0
Al-	0	0.11	0.11	0.76	1	0	0	301.801	276.938	13.3309	0	2
00	00	00	00	00	00	00	00	00	00	00	00	00
00	00	00	00	00	00	00	00	00	00	00	00	00
00	00	00	00	00	00	00	00	00	00	00	00	00
ternative	0	0.11	0.11	0.76	0	0	0	315.825	72.001	38.7819	0	0
Fact	0	0.11	0.11	0.76	1	0	0	315.825	115.386	19.1782	0	2
Candidates:	0	0.11	0.11	0.76	1	0	0	315.825	139.168	53.3346	0	2
Truth-ﬁnders	0	0.11	0.11	0.76	1	0	0	315.825	199.644	57.1855	0	2
rank	0	0.11	0.11	0.76	0	0	0	315.825	261.433	19.3855	0	0
a	0	0.11	0.11	0.76	0	0	0	315.825	285.422	4.84364	0	0
00	00	00	00	00	00	00	00	00	00	00	00	00
00	00	00	00	00	00	00	00	00	00	00	00	00
00	00	00	00	00	00	00	00	00	00	00	00	00
given	0	0.11	0.11	0.76	0	0	0	329.848	72.001	23.8037	0	0
fact	0	0.11	0.11	0.76	0	0	0	329.848	102.165	16.2436	0	0
candidate	0	0.11	0.11	0.76	0	0	0	329.848	124.768	41.8037	0	0
with	0	0.11	0.11	0.76	0	0	0	329.848	172.932	19.3964	0	0
respect	0	0.11	0.11	0.76	0	0	0	329.848	198.699	30.8946	0	0
to	0	0.11	0.11	0.76	0	0	0	329.848	235.954	8.48728	0	0
its	0	0.11	0.11	0.76	0	0	0	329.848	250.801	10.3091	0	0
alter-	0	0.11	0.11	0.76	0	0	0	329.848	267.47	22.8	0	0
00	00	00	00	00	00	00	00	00	00	00	00	00
00	00	00	00	00	00	00	00	00	00	00	00	00
00	00	00	00	00	00	00	00	00	00	00	00	00
natives.	0	0.11	0.11	0.76	0	0	0	343.872	72.001	33.1964	0	0
For	0	0.11	0.11	0.76	1	0	0	343.872	115.506	14.9891	0	0
example,	0	0.11	0.11	0.76	0	1	0	343.872	135.536	39.5237	0	0
alternative	0	0.11	0.11	0.76	0	0	0	343.872	180.677	45.6	0	0
places	0	0.11	0.11	0.76	0	0	0	343.872	231.317	27.2618	0	0
where	0	0.11	0.11	0.76	0	0	0	343.872	263.619	26.6509	0	0
00	00	00	00	00	00	00	00	00	00	00	00	00
00	00	00	00	00	00	00	00	00	00	00	00	00
00	00	00	00	00	00	00	00	00	00	00	00	00
Barack	0	0.11	0.11	0.76	1	0	0	357.895	72.001	30.8946	0	2
Obama	0	0.11	0.11	0.76	1	0	0	357.895	107.161	31.5055	0	2
could	0	0.11	0.11	0.76	0	0	0	357.895	142.943	24.24	0	0
have	0	0.11	0.11	0.76	0	0	0	357.895	171.448	20.2146	0	0
been	0	0.11	0.11	0.76	0	0	0	357.895	195.928	20.5964	0	0
born.	0	0.11	0.11	0.76	0	0	0	357.895	220.801	22.7237	0	0
Virtually	0	0.11	0.11	0.76	1	0	0	357.895	251.532	38.7382	0	2
00	00	00	00	00	00	00	00	00	00	00	00	00
00	00	00	00	00	00	00	00	00	00	00	00	00
00	00	00	00	00	00	00	00	00	00	00	00	00
all	0	0.11	0.11	0.76	0	0	0	371.918	72.001	10.9091	0	0
existing	0	0.11	0.11	0.76	0	0	0	371.918	86.8919	34.3855	0	0
truth-ﬁnders	0	0.11	0.11	0.76	0	0	0	371.918	125.27	53.9346	0	0
assume	0	0.11	0.11	0.76	0	0	0	371.918	183.187	32.1164	0	0
that	0	0.11	0.11	0.76	0	0	0	371.918	219.285	16.3637	0	0
the	0	0.11	0.11	0.76	0	0	0	371.918	239.641	13.3309	0	0
alterna-	0	0.11	0.11	0.76	0	0	0	371.918	256.954	33.3164	0	0
00	00	00	00	00	00	00	00	00	00	00	00	00
00	00	00	00	00	00	00	00	00	00	00	00	00
00	00	00	00	00	00	00	00	00	00	00	00	00
tives	0	0.12	0.12	0.76	0	0	0	385.942	72.001	20.1709	0	0
are	0	0.12	0.12	0.76	0	0	0	385.942	96.5574	13.32	0	0
provided.	0	0.12	0.12	0.76	0	0	0	385.942	114.274	41.3455	0	0
In	0	0.12	0.12	0.76	1	0	0	385.942	163.987	9.08728	0	0
contrast,	0	0.12	0.12	0.76	0	1	0	385.942	177.459	37.2655	0	0
we	0	0.12	0.12	0.76	0	0	0	385.942	219.525	12.72	0	0
developed	0	0.12	0.12	0.76	0	0	0	385.942	236.641	44.4	0	0
a	0	0.12	0.12	0.76	0	0	0	385.942	285.427	4.84364	0	0
00	00	00	00	00	00	00	00	00	00	00	00	00
00	00	00	00	00	00	00	00	00	00	00	00	00
00	00	00	00	00	00	00	00	00	00	00	00	00
method	0	0.12	0.12	0.76	0	0	0	399.965	72.001	32.7273	0	0
for	0	0.12	0.12	0.76	0	0	0	399.965	107.957	12.72	0	0
generating	0	0.12	0.12	0.76	0	0	0	399.965	123.906	46.0473	0	0
alternative	0	0.12	0.12	0.76	0	0	0	399.965	173.183	45.6109	0	0
fact	0	0.12	0.12	0.76	0	0	0	399.965	222.023	16.2436	0	0
candidates.	0	0.12	0.12	0.76	0	0	0	399.965	241.496	48.7746	0	0
00	00	00	00	00	00	00	00	00	00	00	00	00
00	00	00	00	00	00	00	00	00	00	00	00	00
00	00	00	00	00	00	00	00	00	00	00	00	00
(2)	0	0.12	0.12	0.76	0	0	0	413.989	72.001	12.72	0	0
Objectivity-Trustworthiness	0	0.12	0.12	0.76	1	0	0	413.989	89.066	121.222	0	2
Correlation:	0	0.12	0.12	0.76	1	0	0	413.989	214.63	54.7528	0	2
We	0	0.12	0.12	0.76	1	0	0	413.989	276	14.2691	0	2
00	00	00	00	00	00	00	00	00	00	00	00	00
00	00	00	00	00	00	00	00	00	00	00	00	00
00	00	00	00	00	00	00	00	00	00	00	00	00
hypothesize	0	0.12	0.12	0.76	0	0	0	428.012	72.001	52.0582	0	0
that	0	0.12	0.12	0.76	0	0	0	428.012	126.754	16.3637	0	0
objectivity	0	0.12	0.12	0.76	0	0	0	428.012	145.823	46.3964	0	0
of	0	0.12	0.12	0.76	0	0	1	428.012	194.914	9.08728	0	0
language	0	0.12	0.12	0.76	0	0	0	428.012	206.707	39.3819	0	0
and	0	0.12	0.12	0.76	0	0	1	428.012	248.783	15.7527	0	0
trust-	0	0.12	0.12	0.76	0	0	0	428.012	267.241	23.0291	0	0
00	00	00	00	00	00	00	00	00	00	00	00	00
00	00	00	00	00	00	00	00	00	00	00	00	00
00	00	00	00	00	00	00	00	00	00	00	00	00
worthiness	0	0.12	0.12	0.76	0	0	0	442.036	72.001	47.16	0	0
of	0	0.12	0.12	0.76	0	0	1	442.036	121.659	9.08728	0	0
sources	0	0.12	0.12	0.76	0	0	0	442.036	133.245	32.7164	0	0
are	0	0.12	0.12	0.76	0	0	0	442.036	168.459	13.32	0	0
positively	0	0.12	0.12	0.76	0	0	0	442.036	184.277	42.6	0	0
correlated.	0	0.12	0.12	0.76	0	0	0	442.036	229.376	46.3419	0	0
To	0	0.12	0.12	0.76	1	0	0	442.036	279.023	11.2473	0	2
00	00	00	00	00	00	00	00	00	00	00	00	00
00	00	00	00	00	00	00	00	00	00	00	00	00
00	00	00	00	00	00	00	00	00	00	00	00	00
test	0	0.12	0.12	0.76	0	0	0	456.059	72.001	15.1527	0	0
this	0	0.12	0.12	0.76	0	0	0	456.059	92.1828	15.7636	0	0
hypothesis,	0	0.12	0.12	0.76	0	1	0	456.059	112.986	49.3419	0	0
we	0	0.12	0.12	0.76	0	0	0	456.059	167.936	12.72	0	0
designed	0	0.12	0.12	0.76	0	0	0	456.059	185.685	38.7819	0	0
a	0	0.12	0.12	0.76	0	0	0	456.059	229.507	4.84364	0	0
Mechanical	0	0.12	0.12	0.76	1	0	0	456.059	239.379	50.891	0	2
00	00	00	00	00	00	00	00	00	00	00	00	00
00	00	00	00	00	00	00	00	00	00	00	00	00
00	00	00	00	00	00	00	00	00	00	00	00	00
Turk	0	0.12	0.12	0.76	1	0	0	470.083	72.001	20.7164	0	0
study.	0	0.12	0.12	0.76	0	0	0	470.083	95.3028	25.6582	0	0
The	0	0.12	0.12	0.76	1	0	1	470.083	124.299	16.9637	0	0
study	0	0.12	0.12	0.76	0	0	0	470.083	143.848	23.64	0	0
showed	0	0.12	0.12	0.76	0	0	0	470.083	170.074	33.0546	0	0
that	0	0.12	0.12	0.76	0	0	0	470.083	205.714	16.3637	0	0
this	0	0.12	0.12	0.76	0	0	0	470.083	224.663	15.7636	0	0
correlation	0	0.12	0.12	0.76	0	0	0	470.083	243.012	47.2582	0	0
00	00	00	00	00	00	00	00	00	00	00	00	00
00	00	00	00	00	00	00	00	00	00	00	00	00
00	00	00	00	00	00	00	00	00	00	00	00	00
does	0	0.12	0.12	0.76	0	0	0	484.106	72.001	19.9964	0	0
in	0	0.12	0.12	0.76	0	0	0	484.106	95.641	8.48728	0	0
fact	0	0.12	0.12	0.76	0	0	0	484.106	107.783	16.2436	0	0
hold.	0	0.12	0.12	0.76	0	0	0	484.106	127.67	22.1237	0	0
(3)	0	0.12	0.12	0.76	0	0	0	484.106	155.947	12.72	0	0
Objectivity	0	0.12	0.12	0.76	1	0	0	484.106	172.316	47.8691	0	2
Classiﬁer:	0	0.12	0.12	0.76	1	0	0	484.106	223.829	45.4582	0	2
Us-	0	0.12	0.12	0.76	1	0	0	484.106	274.516	15.7527	0	2
00	00	00	00	00	00	00	00	00	00	00	00	00
00	00	00	00	00	00	00	00	00	00	00	00	00
00	00	00	00	00	00	00	00	00	00	00	00	00
ing	0	0.12	0.12	0.76	0	0	0	498.13	72.001	13.9418	0	0
labeled	0	0.12	0.12	0.76	0	0	0	498.13	89.2047	31.5055	0	0
data	0	0.12	0.12	0.76	0	0	0	498.13	123.972	18.1746	0	0
from	0	0.12	0.12	0.76	0	0	0	498.13	145.408	21.2073	0	0
the	0	0.12	0.12	0.76	0	0	0	498.13	169.888	13.3309	0	0
Mechanical	0	0.12	0.12	0.76	1	0	0	498.13	186.481	50.891	0	2
Turk	0	0.12	0.12	0.76	1	0	0	498.13	240.634	20.7164	0	2
study,	0	0.12	0.12	0.76	0	1	0	498.13	264.612	25.6582	0	0
00	00	00	00	00	00	00	00	00	00	00	00	00
00	00	00	00	00	00	00	00	00	00	00	00	00
00	00	00	00	00	00	00	00	00	00	00	00	00
we	0	0.12	0.12	0.76	0	0	0	512.153	72.001	12.72	0	0
developed	0	0.12	0.12	0.76	0	0	0	512.153	87.9937	44.4	0	0
and	0	0.12	0.12	0.76	0	0	1	512.153	135.667	15.7527	0	0
trained	0	0.12	0.12	0.76	0	0	0	512.153	154.692	30.2837	0	0
an	0	0.12	0.12	0.76	0	0	0	512.153	188.248	10.2982	0	0
objectivity	0	0.12	0.12	0.76	0	0	0	512.153	201.819	46.3964	0	0
classiﬁer	0	0.12	0.12	0.76	0	0	0	512.153	251.488	38.7819	0	0
00	00	00	00	00	00	00	00	00	00	00	00	00
00	00	00	00	00	00	00	00	00	00	00	00	00
00	00	00	00	00	00	00	00	00	00	00	00	00
which	0	0.13	0.13	0.76	0	0	0	526.177	72.001	26.6618	0	1
performed	0	0.13	0.13	0.76	0	0	0	526.177	102.252	45.4364	0	1
better	0	0.13	0.13	0.76	0	0	0	526.177	151.267	24.84	0	1
than	0	0.13	0.13	0.76	0	0	0	526.177	179.696	18.7855	0	1
prior	0	0.13	0.13	0.76	0	0	0	526.177	202.07	21.2073	0	1
proposed	0	0.13	0.13	0.76	0	0	0	526.177	226.856	39.9928	0	1
lexi-	0	0.13	0.13	0.76	0	0	0	526.177	270.438	19.8327	0	1
00	00	00	00	00	00	00	00	00	00	00	00	00
00	00	00	00	00	00	00	00	00	00	00	00	00
00	00	00	00	00	00	00	00	00	00	00	00	00
cons	0	0.13	0.13	0.76	0	0	0	540.2	72.001	19.9964	0	0
from	0	0.13	0.13	0.76	0	0	0	540.2	96.0556	21.2073	0	0
literature.	0	0.13	0.13	0.76	0	0	0	540.2	121.321	42.1091	0	0
(4)	0	0.13	0.13	0.76	0	0	0	540.2	170.816	12.72	0	0
Believability	0	0.13	0.13	0.76	1	0	0	540.2	187.592	54.9819	0	2
Computa-	0	0.13	0.13	0.76	1	0	0	540.2	246.632	43.6364	0	2
00	00	00	00	00	00	00	00	00	00	00	00	00
00	00	00	00	00	00	00	00	00	00	00	00	00
00	00	00	00	00	00	00	00	00	00	00	00	00
tion:	0	0.13	0.13	0.76	0	0	0	554.223	72.001	20.6073	0	0
We	0	0.13	0.13	0.76	1	0	0	554.223	98.406	14.2691	0	0
developed	0	0.13	0.13	0.76	0	0	0	554.223	116.613	44.4	0	0
FactChecker,	0	0.13	0.13	0.76	1	1	0	554.223	164.941	57.1528	0	0
a	0	0.13	0.13	0.76	0	0	0	554.223	226.337	4.84364	0	0
truth-ﬁnding	0	0.13	0.13	0.76	0	0	0	554.223	235.108	55.1564	0	0
00	00	00	00	00	00	00	00	00	00	00	00	00
00	00	00	00	00	00	00	00	00	00	00	00	00
00	00	00	00	00	00	00	00	00	00	00	00	00
method	0	0.13	0.13	0.76	0	0	0	568.247	72.001	32.7273	0	1
that	0	0.13	0.13	0.76	0	0	0	568.247	107.717	16.3636	0	1
linearly	0	0.13	0.13	0.76	0	0	0	568.247	127.081	33.3273	0	1
combines	0	0.13	0.13	0.76	0	0	0	568.247	163.397	41.8146	0	1
objectivity	0	0.13	0.13	0.76	0	0	0	568.247	208.201	46.3964	0	1
and	0	0.13	0.13	0.76	0	0	1	568.247	257.598	15.7527	0	1
co-	0	0.13	0.13	0.76	0	0	0	568.247	276.339	13.9309	0	1
00	00	00	00	00	00	00	00	00	00	00	00	00
00	00	00	00	00	00	00	00	00	00	00	00	00
00	00	00	00	00	00	00	00	00	00	00	00	00
mention	0	0.13	0.13	0.76	0	0	0	582.27	72.001	35.76	0	0
inﬂuence.	0	0.13	0.13	0.76	0	0	0	582.27	111.339	42.72	0	0
Our	0	0.13	0.13	0.76	1	0	0	582.27	159.994	16.9637	0	1
experiments	0	0.13	0.13	0.76	0	0	0	582.27	180.536	53.16	0	1
showed	0	0.13	0.13	0.76	0	0	0	582.27	237.274	33.0546	0	1
that	0	0.13	0.13	0.76	0	0	0	582.27	273.907	16.3637	0	1
00	00	00	00	00	00	00	00	00	00	00	00	00
00	00	00	00	00	00	00	00	00	00	00	00	00
00	00	00	00	00	00	00	00	00	00	00	00	00
FactChecker	0	0.13	0.13	0.76	1	0	0	596.294	72.001	54.8619	0	1
outperforms	0	0.13	0.13	0.76	0	0	0	596.294	129.59	53.3237	0	1
prior	0	0.13	0.13	0.76	0	0	0	596.294	185.641	21.2073	0	1
methods.	0	0.13	0.13	0.76	0	0	0	596.294	209.576	39.6982	0	1
00	00	00	00	00	00	00	00	00	00	00	00	00
00	00	00	00	00	00	00	00	00	00	00	00	00
00	00	00	00	00	00	00	00	00	00	00	00	00
2	0	0.13	0.13	0.83	0	0	0	619.468	72.001	5.9776	0	0
Fact	0	0.13	0.13	0.83	1	0	0	619.468	89.9338	22.2725	0	1
Candidates	0	0.13	0.13	0.83	1	0	0	619.468	115.195	57.7914	0	1
00	00	00	00	00	00	00	00	00	00	00	00	00
00	00	00	00	00	00	00	00	00	00	00	00	00
00	00	00	00	00	00	00	00	00	00	00	00	00
In	0	0.13	0.13	0.76	1	0	0	641.76	72.001	9.08728	0	1
this	0	0.13	0.13	0.76	0	0	0	641.76	83.2046	15.7636	0	1
section,	0	0.13	0.13	0.76	0	1	0	641.76	101.096	33.6218	0	1
we	0	0.13	0.13	0.76	0	0	0	641.76	136.965	12.72	0	1
formally	0	0.13	0.13	0.76	0	0	0	641.76	151.801	37.5709	0	1
deﬁne	0	0.13	0.13	0.76	0	0	0	641.76	191.488	26.6618	0	1
what	0	0.13	0.13	0.76	0	0	0	641.76	220.277	21.2073	0	1
constitutes	0	0.13	0.13	0.76	0	0	0	641.76	243.601	46.6691	0	1
00	00	00	00	00	00	00	00	00	00	00	00	00
00	00	00	00	00	00	00	00	00	00	00	00	00
00	00	00	00	00	00	00	00	00	00	00	00	00
a	0	0.13	0.13	0.76	0	0	0	655.784	72.001	4.84364	0	1
fact	0	0.13	0.13	0.76	0	0	0	655.784	81.4592	16.2436	0	1
candidate	0	0.13	0.13	0.76	0	0	0	655.784	102.306	41.8037	0	1
and	0	0.13	0.13	0.76	0	0	1	655.784	148.725	15.7527	0	1
describe	0	0.13	0.13	0.76	0	0	0	655.784	169.092	36.3491	0	1
how	0	0.13	0.13	0.76	0	0	0	655.784	210.056	18.5127	0	1
we	0	0.13	0.13	0.76	0	0	0	655.784	233.172	12.72	0	1
go	0	0.13	0.13	0.76	0	0	0	655.784	250.507	10.9091	0	1
about	0	0.13	0.13	0.76	0	0	0	655.784	266.03	24.24	0	1
00	00	00	00	00	00	00	00	00	00	00	00	00
00	00	00	00	00	00	00	00	00	00	00	00	00
00	00	00	00	00	00	00	00	00	00	00	00	00
understanding	0	0.13	0.13	0.76	0	0	0	669.807	72.001	61.811	0	1
semantics	0	0.13	0.13	0.76	0	0	0	669.807	138.077	43.0255	0	1
of	0	0.13	0.13	0.76	0	0	1	669.807	185.368	9.08728	0	1
fact	0	0.13	0.13	0.76	0	0	0	669.807	198.721	16.2436	0	1
candidates.	0	0.13	0.13	0.76	0	0	0	669.807	219.23	48.7746	0	1
We	0	0.13	0.13	0.76	1	0	0	669.807	276.001	14.2691	0	1
00	00	00	00	00	00	00	00	00	00	00	00	00
00	00	00	00	00	00	00	00	00	00	00	00	00
00	00	00	00	00	00	00	00	00	00	00	00	00
then	0	0.13	0.13	0.76	0	0	0	683.831	72.001	18.7855	0	1
present	0	0.13	0.13	0.76	0	0	0	683.831	94.3428	31.5055	0	1
our	0	0.13	0.13	0.76	0	0	0	683.831	129.416	14.5418	0	1
approach	0	0.13	0.13	0.76	0	0	0	683.831	147.514	39.9819	0	1
for	0	0.13	0.13	0.76	0	0	0	683.831	191.063	12.72	0	1
generating	0	0.13	0.13	0.76	0	0	0	683.831	207.339	46.0473	0	1
alterna-	0	0.13	0.13	0.76	0	0	0	683.831	256.954	33.3164	0	1
00	00	00	00	00	00	00	00	00	00	00	00	00
00	00	00	00	00	00	00	00	00	00	00	00	00
00	00	00	00	00	00	00	00	00	00	00	00	00
tive	0	0.14	0.14	0.76	0	0	0	697.854	72.001	15.9273	0	0
fact	0	0.14	0.14	0.76	0	0	0	697.854	90.6556	16.2436	0	0
candidates.	0	0.14	0.14	0.76	0	0	0	697.854	109.626	48.7746	0	0
00	00	00	00	00	00	00	00	00	00	00	00	00
00	00	00	00	00	00	00	00	00	00	00	00	00
00	00	00	00	00	00	00	00	00	00	00	00	00
2.1	0	0.14	0.14	0.76	0	0	0	720.627	72.001	13.6364	0	0
Representation	0	0.14	0.14	0.76	1	0	0	720.627	96.5465	70.7019	0	2
00	00	00	00	00	00	00	00	00	00	00	00	00
00	00	00	00	00	00	00	00	00	00	00	00	00
00	00	00	00	00	00	00	00	00	00	00	00	00
The	0	0.14	0.14	0.76	1	0	1	738.577	72.001	16.9637	0	0
triple	0	0.14	0.14	0.76	0	0	0	738.577	91.839	23.64	0	0
format	0	0.14	0.14	0.76	0	0	0	738.577	118.352	29.0837	0	0
is	0	0.14	0.14	0.76	0	0	0	738.577	150.305	7.27637	0	0
the	0	0.14	0.14	0.76	0	0	0	738.577	160.461	13.3309	0	0
most	0	0.14	0.14	0.76	0	0	0	738.577	176.661	21.2182	0	0
common	0	0.14	0.14	0.76	0	0	0	738.577	200.759	38.1819	0	0
representa-	0	0.14	0.14	0.76	0	0	0	738.577	241.81	48.4582	0	0
00	00	00	00	00	00	00	00	00	00	00	00	00
00	00	00	00	00	00	00	00	00	00	00	00	00
00	00	00	00	00	00	00	00	00	00	00	00	00
tion	0	0.14	0.14	0.76	0	0	0	752.601	72.001	16.9746	0	0
of	0	0.14	0.14	0.76	0	0	1	752.601	91.3974	9.08728	0	0
facts	0	0.14	0.14	0.76	0	0	0	752.601	102.896	20.4873	0	0
in	0	0.14	0.14	0.76	0	0	0	752.601	125.805	8.48728	0	0
knowledge	0	0.14	0.14	0.76	0	0	0	752.601	136.714	47.5964	0	0
bases.	0	0.14	0.14	0.76	0	0	0	752.601	186.721	26.3564	0	0
A	0	0.14	0.14	0.76	1	0	0	752.601	216.361	7.87637	0	0
formal	0	0.14	0.14	0.76	0	0	0	752.601	226.648	29.0837	0	0
speciﬁ-	0	0.14	0.14	0.76	0	0	0	752.601	258.154	32.1164	0	0
00	00	00	00	00	00	00	00	00	00	00	00	00
00	00	00	00	00	00	00	00	00	00	00	00	00
00	00	00	00	00	00	00	00	00	00	00	00	00
cation	0	0.14	0.14	0.76	0	0	0	63.4024	307.277	26.6618	0	0
of	0	0.14	0.14	0.76	0	0	1	63.4024	336.71	9.08728	0	0
the	0	0.14	0.14	0.76	0	0	0	63.4024	348.568	13.3309	0	0
triple	0	0.14	0.14	0.76	0	0	0	63.4024	364.681	23.0291	0	0
format	0	0.14	0.14	0.76	0	0	0	63.4024	390.481	29.0837	0	0
is	0	0.14	0.14	0.76	0	0	0	63.4024	422.335	7.27637	0	0
presented	0	0.14	0.14	0.76	0	0	0	63.4024	432.383	41.8037	0	0
in	0	0.14	0.14	0.76	0	0	0	63.4024	476.957	8.48728	0	0
the	0	0.14	0.14	0.76	0	0	0	63.4024	488.226	13.3309	0	0
RDF	0	0.14	0.14	0.76	1	0	0	63.4024	504.328	21.2182	0	2
00	00	00	00	00	00	00	00	00	00	00	00	00
00	00	00	00	00	00	00	00	00	00	00	00	00
00	00	00	00	00	00	00	00	00	00	00	00	00
primer	0	0.14	0.14	0.76	0	0	0	77.4264	307.277	29.0837	0	0
00	00	00	00	00	00	00	00	00	00	00	00	00
1	0	0.14	0.14	0.56	0	0	0	76.2594	336.36	3.98505	0	0
00	00	00	00	00	00	00	00	00	00	00	00	00
.	0	0.14	0.14	0.76	0	0	0	77.4264	340.843	2.72728	0	0
In	0	0.14	0.14	0.76	1	0	0	77.4264	350.519	9.08728	0	2
RDF,	0	0.14	0.14	0.76	1	1	0	77.4264	363.534	23.0727	0	2
data	0	0.14	0.14	0.76	0	0	0	77.4264	390.523	18.1746	0	0
is	0	0.14	0.14	0.76	0	0	0	77.4264	412.614	7.27637	0	0
represented	0	0.14	0.14	0.76	0	0	0	77.4264	423.807	50.28	0	0
as	0	0.14	0.14	0.76	0	0	0	77.4264	478.003	9.08728	0	0
subject-	0	0.14	0.14	0.76	0	0	0	77.4264	491.007	34.5382	0	0
00	00	00	00	00	00	00	00	00	00	00	00	00
00	00	00	00	00	00	00	00	00	00	00	00	00
00	00	00	00	00	00	00	00	00	00	00	00	00
predicate-object	0	0.14	0.14	0.76	0	0	0	91.4494	307.277	70.2764	0	0
(SPO)	0	0.14	0.14	0.76	0	0	0	91.4494	381.623	27.2727	0	0
triples.	0	0.14	0.14	0.76	0	0	0	91.4494	412.964	30	0	0
In	0	0.14	0.14	0.76	1	0	0	91.4494	450.383	9.08728	0	0
this	0	0.14	0.14	0.76	0	0	0	91.4494	463.539	15.7636	0	0
work,	0	0.14	0.14	0.76	0	1	0	91.4494	483.383	25.0364	0	0
we	0	0.14	0.14	0.76	0	0	0	91.4494	512.826	12.72	0	0
00	00	00	00	00	00	00	00	00	00	00	00	00
00	00	00	00	00	00	00	00	00	00	00	00	00
00	00	00	00	00	00	00	00	00	00	00	00	00
restrict	0	0.14	0.14	0.76	0	0	0	105.473	307.277	30.2946	0	0
predicates	0	0.14	0.14	0.76	0	0	0	105.473	340.037	44.2255	0	0
to	0	0.14	0.14	0.76	0	0	0	105.473	386.728	8.48728	0	0
verbs	0	0.14	0.14	0.76	0	0	0	105.473	397.684	23.6291	0	0
(or	0	0.14	0.14	0.76	0	0	0	105.473	423.78	12.72	0	0
verbal	0	0.14	0.14	0.76	0	0	0	105.473	438.967	27.8728	0	0
phrases	0	0.14	0.14	0.76	0	0	0	105.473	469.305	33.7746	0	0
such	0	0.14	0.14	0.76	0	0	0	105.473	505.548	19.9964	0	0
00	00	00	00	00	00	00	00	00	00	00	00	00
00	00	00	00	00	00	00	00	00	00	00	00	00
00	00	00	00	00	00	00	00	00	00	00	00	00
as	0	0.14	0.14	0.76	0	0	0	119.496	307.277	9.08728	0	0
“plays	0	0.14	0.14	0.76	0	0	0	119.496	320.957	27.8728	0	0
for”,	0	0.14	0.14	0.76	0	1	0	119.496	353.422	20.2909	0	0
“graduated	0	0.14	0.14	0.76	0	0	0	119.496	378.775	47.8582	0	0
from”,	0	0.14	0.14	0.76	0	1	0	119.496	431.226	28.7782	0	0
etc.).	0	0.14	0.14	0.76	0	0	0	119.496	465.066	21.8073	0	0
Litera-	0	0.14	0.14	0.76	1	0	0	119.496	495.863	29.6837	0	2
00	00	00	00	00	00	00	00	00	00	00	00	00
00	00	00	00	00	00	00	00	00	00	00	00	00
00	00	00	00	00	00	00	00	00	00	00	00	00
ture	0	0.14	0.14	0.76	0	0	0	133.52	307.277	16.9637	0	0
on	0	0.14	0.14	0.76	0	0	0	133.52	327.448	10.9091	0	0
automatic	0	0.14	0.14	0.76	0	0	0	133.52	341.564	43.0255	0	0
relation	0	0.14	0.14	0.76	0	0	0	133.52	387.797	33.3164	0	0
discovery	0	0.14	0.14	0.76	0	0	0	133.52	424.321	42.0873	0	0
(Fader	0	0.14	0.14	0.76	0	0	0	133.52	469.615	28.3091	0	0
et	0	0.14	0.14	0.76	0	0	0	133.52	501.132	7.87637	0	0
al.,	0	0.14	0.14	0.76	0	1	0	133.52	512.215	13.3309	0	0
00	00	00	00	00	00	00	00	00	00	00	00	00
00	00	00	00	00	00	00	00	00	00	00	00	00
00	00	00	00	00	00	00	00	00	00	00	00	00
2011)	0	0.15	0.15	0.76	0	0	0	147.543	307.277	25.4509	0	0
has	0	0.15	0.15	0.76	0	0	0	147.543	337.615	14.5418	0	0
shown	0	0.15	0.15	0.76	0	0	0	147.543	357.055	28.2109	0	0
that	0	0.15	0.15	0.76	0	0	0	147.543	390.153	16.3637	0	0
verbal	0	0.15	0.15	0.76	0	0	0	147.543	411.404	27.0982	0	0
phrases	0	0.15	0.15	0.76	0	0	0	147.543	443.39	32.7164	0	0
uncover	0	0.15	0.15	0.76	0	0	0	147.543	481.004	34.8109	0	0
a	0	0.15	0.15	0.76	0	0	0	147.543	520.703	4.84364	0	0
00	00	00	00	00	00	00	00	00	00	00	00	00
00	00	00	00	00	00	00	00	00	00	00	00	00
00	00	00	00	00	00	00	00	00	00	00	00	00
large	0	0.15	0.15	0.76	0	0	0	161.567	307.277	21.6109	0	0
fraction	0	0.15	0.15	0.76	0	0	0	161.567	332.073	33.9273	0	0
of	0	0.15	0.15	0.76	0	0	1	161.567	369.197	9.08728	0	0
binary	0	0.15	0.15	0.76	0	0	0	161.567	381.47	27.8728	0	0
predicates	0	0.15	0.15	0.76	0	0	0	161.567	412.528	44.2255	0	0
while	0	0.15	0.15	0.76	0	0	0	161.567	459.95	24.24	0	0
reducing	0	0.15	0.15	0.76	0	0	0	161.567	487.375	38.1709	0	0
00	00	00	00	00	00	00	00	00	00	00	00	00
00	00	00	00	00	00	00	00	00	00	00	00	00
00	00	00	00	00	00	00	00	00	00	00	00	00
the	0	0.15	0.15	0.76	0	0	0	175.59	307.277	13.3309	0	0
amount	0	0.15	0.15	0.76	0	0	0	175.59	322.932	32.7273	0	0
of	0	0.15	0.15	0.76	0	0	1	175.59	357.972	9.08728	0	0
noisy	0	0.15	0.15	0.76	0	0	0	175.59	369.383	23.64	0	0
phrases	0	0.15	0.15	0.76	0	0	0	175.59	395.346	32.7164	0	0
that	0	0.15	0.15	0.76	0	0	0	175.59	430.375	16.3637	0	0
do	0	0.15	0.15	0.76	0	0	0	175.59	449.063	10.9091	0	0
not	0	0.15	0.15	0.76	0	0	0	175.59	462.295	13.9418	0	0
denote	0	0.15	0.15	0.76	0	0	0	175.59	478.55	29.0837	0	0
any	0	0.15	0.15	0.76	0	0	0	175.59	509.957	15.5891	0	0
00	00	00	00	00	00	00	00	00	00	00	00	00
00	00	00	00	00	00	00	00	00	00	00	00	00
00	00	00	00	00	00	00	00	00	00	00	00	00
relations.	0	0.15	0.15	0.76	0	0	0	189.613	307.277	40.2982	0	0
Therefore,	0	0.15	0.15	0.76	1	1	0	189.613	351.328	45.7309	0	0
we	0	0.15	0.15	0.76	0	0	0	189.613	399.939	12.72	0	0
deﬁne	0	0.15	0.15	0.76	0	0	0	189.613	415.506	26.6618	0	0
a	0	0.15	0.15	0.76	0	0	0	189.613	445.015	4.84364	0	0
fact	0	0.15	0.15	0.76	0	0	0	189.613	452.706	16.2436	0	0
candidate	0	0.15	0.15	0.76	0	0	0	189.613	471.808	41.8037	0	0
as	0	0.15	0.15	0.76	0	0	0	189.613	516.459	9.08728	0	0
00	00	00	00	00	00	00	00	00	00	00	00	00
00	00	00	00	00	00	00	00	00	00	00	00	00
00	00	00	00	00	00	00	00	00	00	00	00	00
follows:	0	0.15	0.15	0.76	0	0	0	203.637	307.277	35.4873	0	0
00	00	00	00	00	00	00	00	00	00	00	00	00
00	00	00	00	00	00	00	00	00	00	00	00	00
00	00	00	00	00	00	00	00	00	00	00	00	00
Deﬁnition	0	0.15	0.15	0.76	1	0	0	223.105	307.277	46.0691	0	0
1	0	0.15	0.15	0.76	0	0	0	223.105	356.073	5.45455	0	0
(Fact	0	0.15	0.15	0.76	0	0	0	223.105	364.255	23.9564	0	0
Candidate)	0	0.15	0.15	0.76	1	0	0	223.105	390.939	52.1237	0	2
A	0	0.15	0.15	0.76	1	0	0	223.105	448.042	6.66546	0	2
fact	0	0.15	0.15	0.76	0	0	0	223.105	460.435	16.3637	0	0
candidate	0	0.15	0.15	0.76	0	0	0	223.105	482.515	43.0255	0	0
00	00	00	00	00	00	00	00	00	00	00	00	00
00	00	00	00	00	00	00	00	00	00	00	00	00
00	00	00	00	00	00	00	00	00	00	00	00	00
f	0	0.15	0.15	0.76	0	0	0	237.129	307.277	5.3411	0	0
00	00	00	00	00	00	00	00	00	00	00	00	00
i	0	0.15	0.15	0.56	0	0	0	241.557	312.618	2.88279	0	0
00	00	00	00	00	00	00	00	00	00	00	00	00
is	0	0.15	0.15	0.76	0	0	0	237.129	319.536	7.27637	0	0
an	0	0.15	0.15	0.76	0	0	0	237.129	330.347	10.9091	0	0
S	0	0.15	0.15	0.76	1	0	0	237.129	344.794	13.9395	0	2
V	0	0.15	0.15	0.76	1	0	0	237.129	362.27	6.66546	0	2
O	0	0.15	0.15	0.76	1	0	0	237.129	372.471	16.3615	0	2
triple;	0	0.15	0.15	0.76	0	0	0	237.129	392.369	27.2728	0	0
where	0	0.15	0.15	0.76	0	0	0	237.129	423.58	26.2582	0	0
S	0	0.15	0.15	0.76	1	0	0	237.129	453.377	6.68946	0	0
is	0	0.15	0.15	0.76	0	0	0	237.129	464.232	7.27637	0	0
the	0	0.15	0.15	0.76	0	0	0	237.129	475.043	13.3309	0	0
subject,	0	0.15	0.15	0.76	0	1	0	237.129	491.908	33.6328	0	0
00	00	00	00	00	00	00	00	00	00	00	00	00
00	00	00	00	00	00	00	00	00	00	00	00	00
00	00	00	00	00	00	00	00	00	00	00	00	00
V	0	0.15	0.15	0.76	1	0	0	251.152	307.277	6.36328	0	0
is	0	0.15	0.15	0.76	0	0	0	251.152	318.928	7.27637	0	0
a	0	0.15	0.15	0.76	0	0	0	251.152	329.063	5.45455	0	0
verbal	0	0.15	0.15	0.76	0	0	0	251.152	337.386	27.8728	0	0
phrase,	0	0.15	0.15	0.76	0	1	0	251.152	368.117	32.1491	0	0
and	0	0.15	0.15	0.76	0	0	1	251.152	403.168	16.3636	0	0
O	0	0.15	0.15	0.76	1	0	0	251.152	422.392	8.32146	0	0
is	0	0.15	0.15	0.76	0	0	0	251.152	433.88	7.27637	0	0
the	0	0.15	0.15	0.76	0	0	0	251.152	444.015	13.3309	0	0
object.	0	0.15	0.15	0.76	0	0	0	251.152	460.215	29.3891	0	0
We	0	0.15	0.15	0.76	1	0	0	251.152	493.389	12.9273	0	0
aim	0	0.15	0.15	0.76	0	0	0	251.152	509.186	16.3637	0	0
00	00	00	00	00	00	00	00	00	00	00	00	00
00	00	00	00	00	00	00	00	00	00	00	00	00
00	00	00	00	00	00	00	00	00	00	00	00	00
to	0	0.15	0.15	0.76	0	0	0	265.176	307.277	8.48728	0	0
compute	0	0.15	0.15	0.76	0	0	0	265.176	318.579	36.96	0	0
the	0	0.15	0.15	0.76	0	0	0	265.176	358.342	13.3309	0	0
truthfulness	0	0.15	0.15	0.76	0	0	0	265.176	374.488	51.5237	0	0
of	0	0.15	0.15	0.76	0	0	1	265.176	428.815	8.48728	0	0
f	0	0.15	0.15	0.76	0	0	0	265.176	440.114	5.3411	0	0
00	00	00	00	00	00	00	00	00	00	00	00	00
i	0	0.15	0.15	0.56	0	0	0	269.604	445.455	2.88279	0	0
00	00	00	00	00	00	00	00	00	00	00	00	00
,	0	0.15	0.15	0.76	0	1	0	265.176	448.836	2.72728	0	0
τ	0	0.15	0.15	0.76	0	0	0	265.176	454.394	4.76946	0	0
(f	0	0.15	0.15	0.76	0	0	0	265.176	460.398	9.5841	0	0
00	00	00	00	00	00	00	00	00	00	00	00	00
i	0	0.15	0.15	0.56	0	0	0	269.604	469.982	2.88279	0	0
00	00	00	00	00	00	00	00	00	00	00	00	00
)	0	0.15	0.15	0.76	0	0	0	265.176	473.363	4.24255	0	0
∈	0	0.15	0.15	0.76	0	0	0	265.176	480.789	7.2731	0	0
{T,	0	0.15	0.15	0.76	0	1	0	265.176	491.248	15.7637	0	0
F	0	0.15	0.15	0.76	1	0	0	265.176	508.833	7.01564	0	0
},	0	0.15	0.15	0.76	0	1	0	265.176	517.362	8.18228	0	0
00	00	00	00	00	00	00	00	00	00	00	00	00
00	00	00	00	00	00	00	00	00	00	00	00	00
00	00	00	00	00	00	00	00	00	00	00	00	00
where	0	0.15	0.15	0.76	0	0	0	279.199	307.277	26.2582	0	0
T	0	0.15	0.15	0.76	1	0	0	279.199	336.379	6.37528	0	0
and	0	0.15	0.15	0.76	0	0	1	279.199	347.114	16.3636	0	0
F	0	0.15	0.15	0.76	1	0	0	279.199	366.322	7.01564	0	0
stand	0	0.15	0.15	0.76	0	0	0	279.199	377.697	23.64	0	0
for	0	0.15	0.15	0.76	0	0	0	279.199	404.184	12.7309	0	0
true	0	0.15	0.15	0.76	0	0	0	279.199	419.756	20.4917	0	0
and	0	0.15	0.15	0.76	0	0	1	279.199	443.089	16.3636	0	0
f	0	0.15	0.15	0.76	0	0	0	279.199	462.297	5.3411	0	0
alse,	0	0.15	0.15	0.76	0	1	0	279.199	468.816	22.153	0	0
respec-	0	0.15	0.15	0.76	0	0	0	279.199	493.838	31.7018	0	0
00	00	00	00	00	00	00	00	00	00	00	00	00
00	00	00	00	00	00	00	00	00	00	00	00	00
00	00	00	00	00	00	00	00	00	00	00	00	00
tively.	0	0.16	0.16	0.76	0	0	0	293.223	307.277	25.7564	0	0
00	00	00	00	00	00	00	00	00	00	00	00	00
00	00	00	00	00	00	00	00	00	00	00	00	00
00	00	00	00	00	00	00	00	00	00	00	00	00
Note	0	0.16	0.16	0.76	1	0	0	312.559	318.186	21.2073	0	0
that	0	0.16	0.16	0.76	0	0	0	312.559	341.761	16.3637	0	0
in	0	0.16	0.16	0.76	0	0	0	312.559	360.502	8.48728	0	0
this	0	0.16	0.16	0.76	0	0	0	312.559	371.357	15.7636	0	0
paper	0	0.16	0.16	0.76	0	0	0	312.559	389.499	24.2291	0	0
we	0	0.16	0.16	0.76	0	0	0	312.559	416.095	12.72	0	0
are	0	0.16	0.16	0.76	0	0	0	312.559	431.193	13.32	0	0
interested	0	0.16	0.16	0.76	0	0	0	312.559	446.881	42.4146	0	0
in	0	0.16	0.16	0.76	0	0	0	312.559	491.663	8.48728	0	0
cases	0	0.16	0.16	0.76	0	0	0	312.559	502.528	23.0182	0	0
00	00	00	00	00	00	00	00	00	00	00	00	00
00	00	00	00	00	00	00	00	00	00	00	00	00
00	00	00	00	00	00	00	00	00	00	00	00	00
where	0	0.16	0.16	0.76	0	0	0	326.582	307.277	26.6509	0	0
τ	0	0.16	0.16	0.76	0	0	0	326.582	337.462	4.76946	0	0
(f	0	0.16	0.16	0.76	0	0	0	326.582	343.465	9.5841	0	0
00	00	00	00	00	00	00	00	00	00	00	00	00
i	0	0.16	0.16	0.56	0	0	0	331.011	353.049	2.88279	0	0
00	00	00	00	00	00	00	00	00	00	00	00	00
)	0	0.16	0.16	0.76	0	0	0	326.582	356.43	4.24255	0	0
is	0	0.16	0.16	0.76	0	0	0	326.582	364.207	7.27637	0	0
either	0	0.16	0.16	0.76	0	0	0	326.582	375.018	24.84	0	0
T	0	0.16	0.16	0.76	1	0	0	326.582	403.391	6.37528	0	0
or	0	0.16	0.16	0.76	0	0	0	326.582	414.815	9.69819	0	0
F	0	0.16	0.16	0.76	1	0	0	326.582	428.299	7.01564	0	0
.	0	0.16	0.16	0.76	0	0	0	326.582	436.829	2.72728	0	0
That	0	0.16	0.16	0.76	1	0	0	326.582	445.36	19.9964	0	0
is,	0	0.16	0.16	0.76	0	1	0	326.582	468.891	10.0036	0	0
we	0	0.16	0.16	0.76	0	0	0	326.582	482.625	12.72	0	0
assess	0	0.16	0.16	0.76	0	0	0	326.582	498.88	26.6618	0	0
00	00	00	00	00	00	00	00	00	00	00	00	00
00	00	00	00	00	00	00	00	00	00	00	00	00
00	00	00	00	00	00	00	00	00	00	00	00	00
truthfulness	0	0.16	0.16	0.76	0	0	0	340.606	307.277	51.5128	0	0
of	0	0.16	0.16	0.76	0	0	1	340.606	361.124	9.08728	0	0
factual	0	0.16	0.16	0.76	0	0	0	340.606	372.549	30.3055	0	0
statements	0	0.16	0.16	0.76	0	0	0	340.606	405.201	46.0582	0	0
and	0	0.16	0.16	0.76	0	0	1	340.606	453.594	15.7527	0	0
not	0	0.16	0.16	0.76	0	0	0	340.606	471.681	13.9418	0	0
opinions	0	0.16	0.16	0.76	0	0	0	340.606	487.968	37.5709	0	0
00	00	00	00	00	00	00	00	00	00	00	00	00
00	00	00	00	00	00	00	00	00	00	00	00	00
00	00	00	00	00	00	00	00	00	00	00	00	00
whose	0	0.16	0.16	0.76	0	0	0	354.629	307.277	27.8728	0	0
truthfulness	0	0.16	0.16	0.76	0	0	0	354.629	338.052	51.5128	0	0
is	0	0.16	0.16	0.76	0	0	0	354.629	392.466	7.27637	0	0
often	0	0.16	0.16	0.76	0	0	0	354.629	402.633	22.4182	0	0
both	0	0.16	0.16	0.76	0	0	0	354.629	427.953	19.3964	0	0
T	0	0.16	0.16	0.76	1	0	0	354.629	450.254	6.37528	0	0
and	0	0.16	0.16	0.76	0	0	1	354.629	461.044	15.7527	0	0
F	0	0.16	0.16	0.76	1	0	0	354.629	479.697	7.01564	0	0
to	0	0.16	0.16	0.76	0	0	0	354.629	491.128	8.48728	0	0
some	0	0.16	0.16	0.76	0	0	0	354.629	502.517	23.0291	0	0
00	00	00	00	00	00	00	00	00	00	00	00	00
00	00	00	00	00	00	00	00	00	00	00	00	00
00	00	00	00	00	00	00	00	00	00	00	00	00
degree.	0	0.16	0.16	0.76	0	0	0	368.653	307.277	31.6364	0	0
For	0	0.16	0.16	0.76	1	0	0	368.653	342.197	14.9891	0	0
example,	0	0.16	0.16	0.76	0	1	0	368.653	359.63	39.5237	0	0
the	0	0.16	0.16	0.76	0	0	0	368.653	401.652	13.3309	0	0
triples:	0	0.16	0.16	0.76	0	0	0	368.653	417.426	30.3055	0	0
Obama	0	0.16	0.16	0.76	1	0	0	368.653	450.967	40.6005	0	0
born	0	0.16	0.16	0.76	0	0	0	368.653	494.009	20.6073	0	0
in	0	0.16	0.16	0.76	0	0	0	368.653	517.06	8.48728	0	0
00	00	00	00	00	00	00	00	00	00	00	00	00
00	00	00	00	00	00	00	00	00	00	00	00	00
00	00	00	00	00	00	00	00	00	00	00	00	00
Kenya	0	0.16	0.16	0.76	1	0	0	382.676	307.277	35.9755	0	0
and	0	0.16	0.16	0.76	0	0	1	382.676	346.35	15.7527	0	0
Obama	0	0.16	0.16	0.76	1	0	0	382.676	365.2	40.6005	0	0
graduated	0	0.16	0.16	0.76	0	0	0	382.676	408.898	44.6837	0	0
from	0	0.16	0.16	0.76	0	0	0	382.676	456.68	20.1164	0	0
Harvard	0	0.16	0.16	0.76	1	0	0	382.676	479.892	45.6525	0	2
00	00	00	00	00	00	00	00	00	00	00	00	00
00	00	00	00	00	00	00	00	00	00	00	00	00
00	00	00	00	00	00	00	00	00	00	00	00	00
are	0	0.16	0.16	0.76	0	0	0	396.699	307.277	13.32	0	0
valid	0	0.16	0.16	0.76	0	0	0	396.699	325.801	21.5455	0	0
fact	0	0.16	0.16	0.76	0	0	0	396.699	352.55	16.2436	0	0
candidates.	0	0.16	0.16	0.76	0	0	0	396.699	373.986	48.7746	0	0
However,	0	0.16	0.16	0.76	1	1	0	396.699	433.572	41.5637	0	0
the	0	0.16	0.16	0.76	0	0	0	396.699	480.95	13.3309	0	0
triple:	0	0.16	0.16	0.76	0	0	0	396.699	499.484	26.0618	0	0
00	00	00	00	00	00	00	00	00	00	00	00	00
00	00	00	00	00	00	00	00	00	00	00	00	00
00	00	00	00	00	00	00	00	00	00	00	00	00
Obama	0	0.16	0.16	0.76	1	0	0	410.723	307.277	40.6005	0	0
deserves	0	0.16	0.16	0.76	0	0	0	410.723	350.605	37.56	0	0
Nobel	0	0.16	0.16	0.76	1	0	0	410.723	390.892	30.3038	0	2
Peace	0	0.16	0.16	0.76	1	0	0	410.723	423.923	25.7782	0	2
Prize	0	0.16	0.16	0.76	1	0	0	410.723	452.429	27.271	0	2
is	0	0.16	0.16	0.76	0	0	0	410.723	482.426	7.27637	0	0
not.	0	0.16	0.16	0.76	0	0	0	410.723	492.43	16.6691	0	0
00	00	00	00	00	00	00	00	00	00	00	00	00
00	00	00	00	00	00	00	00	00	00	00	00	00
00	00	00	00	00	00	00	00	00	00	00	00	00
2.2	0	0.16	0.16	0.76	0	0	0	434.042	307.277	13.6364	0	0
Semantics	0	0.16	0.16	0.76	1	0	0	434.042	331.822	47.2691	0	2
00	00	00	00	00	00	00	00	00	00	00	00	00
00	00	00	00	00	00	00	00	00	00	00	00	00
00	00	00	00	00	00	00	00	00	00	00	00	00
Based	0	0.17	0.17	0.76	1	0	0	452.255	307.277	26.6618	0	2
on	0	0.17	0.17	0.76	0	0	0	452.255	338.248	10.9091	0	0
the	0	0.17	0.17	0.76	0	0	0	452.255	353.455	13.3309	0	0
SVO	0	0.17	0.17	0.76	1	0	0	452.255	371.095	21.3818	0	0
triple,	0	0.17	0.17	0.76	0	1	0	452.255	396.786	25.7564	0	0
the	0	0.17	0.17	0.76	0	0	0	452.255	427.244	13.3309	0	0
meaning	0	0.17	0.17	0.76	0	0	0	452.255	444.884	37.5709	0	0
of	0	0.17	0.17	0.76	0	0	1	452.255	486.754	9.08728	0	0
a	0	0.17	0.17	0.76	0	0	0	452.255	500.15	4.84364	0	0
fact	0	0.17	0.17	0.76	0	0	0	452.255	509.303	16.2436	0	0
00	00	00	00	00	00	00	00	00	00	00	00	00
00	00	00	00	00	00	00	00	00	00	00	00	00
00	00	00	00	00	00	00	00	00	00	00	00	00
candidate	0	0.17	0.17	0.76	0	0	0	466.279	307.277	41.8037	0	0
can	0	0.17	0.17	0.76	0	0	0	466.279	352.615	15.1418	0	0
be	0	0.17	0.17	0.76	0	0	0	466.279	371.292	10.2982	0	0
unclear	0	0.17	0.17	0.76	0	0	0	466.279	385.124	32.1055	0	0
and	0	0.17	0.17	0.76	0	0	1	466.279	420.764	15.7527	0	0
ambiguous.	0	0.17	0.17	0.76	0	0	0	466.279	440.063	50.5964	0	0
There-	0	0.17	0.17	0.76	1	0	0	466.279	496.474	29.0728	0	2
00	00	00	00	00	00	00	00	00	00	00	00	00
00	00	00	00	00	00	00	00	00	00	00	00	00
00	00	00	00	00	00	00	00	00	00	00	00	00
fore,	0	0.17	0.17	0.76	0	1	0	480.302	307.277	20.2909	0	0
we	0	0.17	0.17	0.76	0	0	0	480.302	329.826	12.72	0	0
ﬁrst	0	0.17	0.17	0.76	0	0	0	480.302	344.684	16.9746	0	0
determine	0	0.17	0.17	0.76	0	0	0	480.302	363.797	43.6146	0	0
the	0	0.17	0.17	0.76	0	0	0	480.302	409.55	13.3309	0	0
semantics	0	0.17	0.17	0.76	0	0	0	480.302	425.019	43.0255	0	0
of	0	0.17	0.17	0.76	0	0	1	480.302	470.183	9.08728	0	0
a	0	0.17	0.17	0.76	0	0	0	480.302	481.408	4.84364	0	0
fact	0	0.17	0.17	0.76	0	0	0	480.302	488.39	16.2436	0	0
can-	0	0.17	0.17	0.76	0	0	0	480.302	506.772	18.7746	0	0
00	00	00	00	00	00	00	00	00	00	00	00	00
00	00	00	00	00	00	00	00	00	00	00	00	00
00	00	00	00	00	00	00	00	00	00	00	00	00
didate	0	0.17	0.17	0.76	0	0	0	494.326	307.277	26.6618	0	0
before	0	0.17	0.17	0.76	0	0	0	494.326	336.666	27.8618	0	0
computing	0	0.17	0.17	0.76	0	0	0	494.326	367.255	46.6691	0	0
its	0	0.17	0.17	0.76	0	0	0	494.326	416.652	10.3091	0	0
truthfulness.	0	0.17	0.17	0.76	0	0	0	494.326	429.688	54.24	0	0
00	00	00	00	00	00	00	00	00	00	00	00	00
00	00	00	00	00	00	00	00	00	00	00	00	00
00	00	00	00	00	00	00	00	00	00	00	00	00
Entity	0	0.17	0.17	0.76	1	0	0	508.482	307.277	29.0946	0	2
Types.	0	0.17	0.17	0.76	1	0	0	508.482	341.041	29.8037	0	2
We	0	0.17	0.17	0.76	1	0	0	508.482	380.056	14.2691	0	2
ﬁrst	0	0.17	0.17	0.76	0	0	0	508.482	398.994	16.9746	0	0
determine	0	0.17	0.17	0.76	0	0	0	508.482	420.638	43.6255	0	0
the	0	0.17	0.17	0.76	0	0	0	508.482	468.932	13.3309	0	0
expected	0	0.17	0.17	0.76	0	0	0	508.482	486.932	38.6073	0	0
00	00	00	00	00	00	00	00	00	00	00	00	00
00	00	00	00	00	00	00	00	00	00	00	00	00
00	00	00	00	00	00	00	00	00	00	00	00	00
types	0	0.17	0.17	0.76	0	0	0	522.505	307.277	23.0291	0	0
of	0	0.17	0.17	0.76	0	0	1	522.505	332.782	9.08728	0	0
the	0	0.17	0.17	0.76	0	0	0	522.505	344.357	13.3309	0	0
subject	0	0.17	0.17	0.76	0	0	0	522.505	360.164	30.9055	0	0
and	0	0.17	0.17	0.76	0	0	1	522.505	393.557	15.7527	0	0
object	0	0.17	0.17	0.76	0	0	0	522.505	411.786	26.6618	0	0
in	0	0.17	0.17	0.76	0	0	0	522.505	440.935	8.48728	0	0
the	0	0.17	0.17	0.76	0	0	0	522.505	451.899	13.3309	0	0
SVO.	0	0.17	0.17	0.76	1	0	0	522.505	467.717	24.1091	0	2
For	0	0.17	0.17	0.76	1	0	0	522.505	494.303	14.9891	0	2
ex-	0	0.17	0.17	0.76	0	0	0	522.505	511.779	13.7673	0	2
00	00	00	00	00	00	00	00	00	00	00	00	00
00	00	00	00	00	00	00	00	00	00	00	00	00
00	00	00	00	00	00	00	00	00	00	00	00	00
ample,	0	0.17	0.17	0.76	0	1	0	536.529	307.277	29.3891	0	0
for	0	0.17	0.17	0.76	0	0	0	536.529	338.99	12.72	0	0
the	0	0.17	0.17	0.76	0	0	0	536.529	353.935	13.3309	0	0
SVO	0	0.17	0.17	0.76	1	0	0	536.529	369.503	21.3818	0	2
Einstein	0	0.17	0.17	0.76	1	0	0	536.529	393.108	44.2435	0	2
died	0	0.17	0.17	0.76	0	0	0	536.529	439.58	18.7855	0	0
in	0	0.17	0.17	0.76	0	0	0	536.529	460.591	8.48728	0	0
Princeton,	0	0.17	0.17	0.76	1	1	0	536.529	471.307	54.2373	0	2
00	00	00	00	00	00	00	00	00	00	00	00	00
00	00	00	00	00	00	00	00	00	00	00	00	00
00	00	00	00	00	00	00	00	00	00	00	00	00
the	0	0.17	0.17	0.76	0	0	0	550.552	307.277	13.3309	0	0
expected	0	0.17	0.17	0.76	0	0	0	550.552	323.608	38.6073	0	0
types	0	0.17	0.17	0.76	0	0	0	550.552	365.215	23.0291	0	0
are	0	0.17	0.17	0.76	0	0	0	550.552	391.255	13.32	0	0
person	0	0.17	0.17	0.76	0	0	0	550.552	407.573	29.5855	0	0
×	0	0.17	0.17	0.76	0	0	0	550.552	440.16	8.4851	0	0
location.	0	0.17	0.17	0.76	0	0	0	550.552	451.648	38.4863	0	0
We	0	0.17	0.17	0.76	1	0	0	550.552	494.345	14.2691	0	2
de-	0	0.17	0.17	0.76	0	0	0	550.552	511.614	13.9309	0	2
00	00	00	00	00	00	00	00	00	00	00	00	00
00	00	00	00	00	00	00	00	00	00	00	00	00
00	00	00	00	00	00	00	00	00	00	00	00	00
termine	0	0.17	0.17	0.76	0	0	0	564.576	307.277	33.3273	0	0
this	0	0.17	0.17	0.76	0	0	0	564.576	345.012	15.7636	0	0
by	0	0.17	0.17	0.76	0	0	0	564.576	365.183	10.9091	0	0
ﬁrst	0	0.17	0.17	0.76	0	0	0	564.576	380.499	16.9746	0	0
computing	0	0.17	0.17	0.76	0	0	0	564.576	401.87	46.6691	0	0
the	0	0.17	0.17	0.76	0	0	0	564.576	452.946	13.3309	0	0
types	0	0.17	0.17	0.76	0	0	0	564.576	470.684	23.0291	0	0
of	0	0.17	0.17	0.76	0	0	1	564.576	498.121	9.08728	0	0
en-	0	0.17	0.17	0.76	0	0	0	564.576	511.615	13.9309	0	0
00	00	00	00	00	00	00	00	00	00	00	00	00
00	00	00	00	00	00	00	00	00	00	00	00	00
00	00	00	00	00	00	00	00	00	00	00	00	00
tities	0	0.17	0.17	0.76	0	0	0	578.599	307.277	21.2182	0	0
that	0	0.17	0.17	0.76	0	0	0	578.599	332.379	16.3637	0	0
are	0	0.17	0.17	0.76	0	0	0	578.599	352.626	13.32	0	0
valid	0	0.17	0.17	0.76	0	0	0	578.599	369.83	21.5455	0	0
for	0	0.17	0.17	0.76	0	0	0	578.599	395.248	12.72	0	0
each	0	0.17	0.17	0.76	0	0	0	578.599	411.852	19.9855	0	0
verb	0	0.17	0.17	0.76	0	0	0	578.599	435.721	19.2218	0	0
(verbal	0	0.17	0.17	0.76	0	0	0	578.599	458.826	30.7309	0	0
phrase)	0	0.17	0.17	0.76	0	0	0	578.599	493.441	32.1055	0	0
00	00	00	00	00	00	00	00	00	00	00	00	00
00	00	00	00	00	00	00	00	00	00	00	00	00
00	00	00	00	00	00	00	00	00	00	00	00	00
in	0	0.18	0.18	0.76	0	0	0	592.623	307.277	8.48728	0	0
a	0	0.18	0.18	0.76	0	0	0	592.623	320.302	4.84364	0	0
large	0	0.18	0.18	0.76	0	0	0	592.623	329.695	21.6109	0	0
SVO	0	0.18	0.18	0.76	1	0	0	592.623	355.844	21.3818	0	0
collection	0	0.18	0.18	0.76	0	0	0	592.623	381.764	43.0255	0	0
of	0	0.18	0.18	0.76	0	0	1	592.623	429.328	9.08728	0	0
114m	0	0.18	0.18	0.76	0	0	0	592.623	442.953	24.8509	0	0
SVO	0	0.18	0.18	0.76	1	0	0	592.623	472.354	21.3818	0	0
triples	0	0.18	0.18	0.76	0	0	0	592.623	498.274	27.2728	0	0
00	00	00	00	00	00	00	00	00	00	00	00	00
00	00	00	00	00	00	00	00	00	00	00	00	00
00	00	00	00	00	00	00	00	00	00	00	00	00
(Talukdar	0	0.18	0.18	0.76	0	0	0	606.646	307.277	42.1419	0	0
et	0	0.18	0.18	0.76	0	0	0	606.646	354.481	7.87637	0	0
al.,	0	0.18	0.18	0.76	0	1	0	606.646	367.419	13.3309	0	0
2012).	0	0.18	0.18	0.76	0	0	0	606.646	386.401	28.1782	0	0
Typing	0	0.18	0.18	0.76	1	0	0	606.646	424.964	30.6437	0	0
verbal	0	0.18	0.18	0.76	0	0	0	606.646	460.67	27.0982	0	0
phrases	0	0.18	0.18	0.76	0	0	0	606.646	492.83	32.7164	0	0
00	00	00	00	00	00	00	00	00	00	00	00	00
00	00	00	00	00	00	00	00	00	00	00	00	00
00	00	00	00	00	00	00	00	00	00	00	00	00
is	0	0.18	0.18	0.76	0	0	0	620.669	307.277	7.27637	0	0
a	0	0.18	0.18	0.76	0	0	0	620.669	320.008	4.84364	0	0
once-off	0	0.18	0.18	0.76	0	0	0	620.669	330.317	36.6764	0	0
computation.	0	0.18	0.18	0.76	0	0	0	620.669	372.448	57.2728	0	0
Our	0	0.18	0.18	0.76	1	0	0	620.669	441.306	16.9637	0	0
phrase	0	0.18	0.18	0.76	0	0	0	620.669	463.724	28.4728	0	0
typing	0	0.18	0.18	0.76	0	0	0	620.669	497.663	27.8837	0	0
00	00	00	00	00	00	00	00	00	00	00	00	00
00	00	00	00	00	00	00	00	00	00	00	00	00
00	00	00	00	00	00	00	00	00	00	00	00	00
method	0	0.18	0.18	0.76	0	0	0	634.693	307.277	32.7273	0	0
is	0	0.18	0.18	0.76	0	0	0	634.693	344.652	7.27637	0	0
similar	0	0.18	0.18	0.76	0	0	0	634.693	356.575	30.3055	0	0
to	0	0.18	0.18	0.76	0	0	0	634.693	391.528	8.48728	0	0
prior	0	0.18	0.18	0.76	0	0	0	634.693	404.663	21.2073	0	0
work	0	0.18	0.18	0.76	0	0	0	634.693	430.517	22.3091	0	0
on	0	0.18	0.18	0.76	0	0	0	634.693	457.473	10.9091	0	0
typing	0	0.18	0.18	0.76	0	0	0	634.693	473.03	27.8837	0	0
rela-	0	0.18	0.18	0.76	0	0	0	634.693	505.561	19.9855	0	0
00	00	00	00	00	00	00	00	00	00	00	00	00
00	00	00	00	00	00	00	00	00	00	00	00	00
00	00	00	00	00	00	00	00	00	00	00	00	00
tional	0	0.18	0.18	0.76	0	0	0	648.716	307.277	24.8509	0	0
phrases	0	0.18	0.18	0.76	0	0	0	648.716	336.742	32.7164	0	0
(Nakashole	0	0.18	0.18	0.76	0	0	0	648.716	374.063	49.68	0	0
et	0	0.18	0.18	0.76	0	0	0	648.716	428.357	7.87637	0	0
al.,	0	0.18	0.18	0.76	0	1	0	648.716	440.837	13.3309	0	0
2012).	0	0.18	0.18	0.76	0	0	0	648.716	459.252	28.1782	0	0
Exam-	0	0.18	0.18	0.76	1	0	0	648.716	496.463	29.0837	0	2
00	00	00	00	00	00	00	00	00	00	00	00	00
00	00	00	00	00	00	00	00	00	00	00	00	00
00	00	00	00	00	00	00	00	00	00	00	00	00
ples	0	0.18	0.18	0.76	0	0	0	662.74	307.277	17.5746	0	0
of	0	0.18	0.18	0.76	0	0	1	662.74	327.568	9.08728	0	0
typed	0	0.18	0.18	0.76	0	0	0	662.74	339.361	24.24	0	0
phrases	0	0.18	0.18	0.76	0	0	0	662.74	366.317	32.7164	0	0
are:	0	0.18	0.18	0.76	0	0	0	662.74	401.739	16.3527	0	0
person	0	0.18	0.18	0.76	0	0	0	662.74	421.468	38.0705	0	0
died	0	0.18	0.18	0.76	0	0	0	662.74	462.25	18.7855	0	0
in	0	0.18	0.18	0.76	0	0	0	662.74	483.752	8.48728	0	0
year,	0	0.18	0.18	0.76	0	1	0	662.74	494.947	30.5973	0	0
00	00	00	00	00	00	00	00	00	00	00	00	00
00	00	00	00	00	00	00	00	00	00	00	00	00
00	00	00	00	00	00	00	00	00	00	00	00	00
person	0	0.18	0.18	0.76	0	0	0	676.763	307.277	38.0695	0	0
died	0	0.18	0.18	0.76	0	0	0	676.763	347.658	18.7855	0	0
in	0	0.18	0.18	0.76	0	0	0	676.763	368.756	8.48728	0	0
location,	0	0.18	0.18	0.76	0	1	0	676.763	379.553	46.9713	0	0
and	0	0.18	0.18	0.76	0	0	1	676.763	428.924	15.7527	0	0
athlete	0	0.18	0.18	0.76	0	0	0	676.763	446.983	38.1795	0	0
plays	0	0.18	0.18	0.76	0	0	0	676.763	487.473	23.0291	0	0
for	0	0.18	0.18	0.76	0	0	0	676.763	512.815	12.7309	0	0
00	00	00	00	00	00	00	00	00	00	00	00	00
00	00	00	00	00	00	00	00	00	00	00	00	00
00	00	00	00	00	00	00	00	00	00	00	00	00
team.	0	0.18	0.18	0.76	0	0	0	690.787	307.277	32.4183	0	0
Given	0	0.18	0.18	0.76	1	0	0	690.787	342.924	26.2255	0	0
a	0	0.18	0.18	0.76	0	0	0	690.787	371.397	4.84364	0	0
triple,	0	0.18	0.18	0.76	0	1	0	690.787	378.488	25.7564	0	0
we	0	0.18	0.18	0.76	0	0	0	690.787	406.601	12.72	0	0
look	0	0.18	0.18	0.76	0	0	0	690.787	421.568	19.3964	0	0
up	0	0.18	0.18	0.76	0	0	0	690.787	443.212	10.9091	0	0
the	0	0.18	0.18	0.76	0	0	0	690.787	456.379	13.3309	0	0
types	0	0.18	0.18	0.76	0	0	0	690.787	471.957	23.0291	0	0
for	0	0.18	0.18	0.76	0	0	0	690.787	497.244	12.72	0	0
the	0	0.18	0.18	0.76	0	0	0	690.787	512.212	13.3309	0	0
00	00	00	00	00	00	00	00	00	00	00	00	00
00	00	00	00	00	00	00	00	00	00	00	00	00
00	00	00	00	00	00	00	00	00	00	00	00	00
subject	0	0.18	0.18	0.76	0	0	0	704.81	307.277	30.9055	0	0
and	0	0.18	0.18	0.76	0	0	1	704.81	342.012	15.7527	0	0
the	0	0.18	0.18	0.76	0	0	0	704.81	361.593	13.3309	0	0
object	0	0.18	0.18	0.76	0	0	0	704.81	378.753	26.6509	0	0
and	0	0.18	0.18	0.76	0	0	1	704.81	409.233	15.7527	0	0
then	0	0.18	0.18	0.76	0	0	0	704.81	428.815	18.7855	0	0
determine	0	0.18	0.18	0.76	0	0	0	704.81	451.43	43.6255	0	0
which	0	0.18	0.18	0.76	0	0	0	704.81	498.884	26.6618	0	0
00	00	00	00	00	00	00	00	00	00	00	00	00
00	00	00	00	00	00	00	00	00	00	00	00	00
00	00	00	00	00	00	00	00	00	00	00	00	00
of	0	0.18	0.18	0.76	0	0	1	718.834	307.277	9.08728	0	0
the	0	0.18	0.18	0.76	0	0	0	718.834	319.746	13.3309	0	0
typed	0	0.18	0.18	0.76	0	0	0	718.834	336.448	24.24	0	0
phrases	0	0.18	0.18	0.76	0	0	0	718.834	364.07	32.7164	0	0
are	0	0.18	0.18	0.76	0	0	0	718.834	400.157	13.32	0	0
compatible	0	0.18	0.18	0.76	0	0	0	718.834	416.859	48.48	0	0
with	0	0.18	0.18	0.76	0	0	0	718.834	468.721	19.3964	0	0
the	0	0.18	0.18	0.76	0	0	0	718.834	491.488	13.3309	0	0
cur-	0	0.18	0.18	0.76	0	0	0	718.834	508.201	17.3455	0	0
00	00	00	00	00	00	00	00	00	00	00	00	00
00	00	00	00	00	00	00	00	00	00	00	00	00
00	00	00	00	00	00	00	00	00	00	00	00	00
rent	0	0.19	0.19	0.76	0	0	0	732.857	307.277	16.9637	0	0
triple.	0	0.19	0.19	0.76	0	0	0	732.857	326.608	25.7564	0	0
We	0	0.19	0.19	0.76	1	0	0	732.857	355.615	14.2691	0	0
look	0	0.19	0.19	0.76	0	0	0	732.857	372.252	19.3964	0	0
up	0	0.19	0.19	0.76	0	0	0	732.857	394.015	10.9091	0	0
entity	0	0.19	0.19	0.76	0	0	0	732.857	407.281	24.8509	0	0
types	0	0.19	0.19	0.76	0	0	0	732.857	434.499	23.0291	0	0
in	0	0.19	0.19	0.76	0	0	0	732.857	459.895	8.48728	0	0
a	0	0.19	0.19	0.76	0	0	0	732.857	470.739	4.84364	0	0
knowledge	0	0.19	0.19	0.76	0	0	0	732.857	477.95	47.5964	0	0
00	00	00	00	00	00	00	00	00	00	00	00	00
00	00	00	00	00	00	00	00	00	00	00	00	00
00	00	00	00	00	00	00	00	00	00	00	00	00
1	0	0.19	0.19	0.42	0	0	0	753.477	319.929	2.9888	0	0
00	00	00	00	00	00	00	00	00	00	00	00	00
http://www.w3.org/TR/rdf-primer/	0	0.19	0.19	0.63	0	0	0	754.447	323.416	123.781	0	0
00	00	00	00	00	00	00	00	00	00	00	00	00
00	00	00	00	00	00	00	00	00	00	00	00	00
00	00	00	00	00	00	00	00	00	00	00	00	00
1010	0	0.19	0.19	0.76	0	0	0	786.617	287.863	21.8182	0	0
00	00	00	00	00	00	00	00	00	00	00	00	00
00	00	00	00	00	00	00	00	00	00	00	00	00
00	00	00	00	00	00	00	00	00	00	00	00	00

