x	x	0	0	0	0
x	x	0	0	0	0
Computer	Science	2.39	55.9096	0	0
Communities:	Their	2.39	83.8604	0	0
Tanmoy	Chakraborty	1.1	144.555	0	0
x	x	0	0	0	0
Department	of	1.0	157.716	0	0
x	x	0	0	0	0
AbstractStudy	of	0.9	216.597	0	0
Keywordscommunity	analysis;	0.9	482.304	0	0
I.	INTRODUCTION	1.0	520.116	0	0
Detecting	clusters	1.0	537.636	0	0
Though	several	1.0	686.782	0	0
The	first	0.8	718.998	0	0
the	interactive	1.0	215.916	0	0
The	major	1.0	354.023	0	0
2013	IEEE/ACM	1.0	34.1025	0	0
426	ASONAM'13,	0.81	750.703	0	0
we	adopt	1.0	58.1154	0	0
Besides,	the	1.0	130.596	0	0
The	rest	1.0	345.508	0	0
II.	DATASET	0.88	492.861	0	0
The	traditional	1.0	510.516	0	0
1	for	0.99	607.478	0	0
1	http://arnetminer.org/citation,	0.76	726.598	0	0
TABLE	I.	0.69	53.9591	1	TABLE
Raw	Filtered	0.7	68.917	0	0
In	order	1.0	220.716	0	0
A.	Field	1.0	369.264	0	0
The	natural	1.0	387.267	0	0
2	.	0.99	528.158	0	0
2	http://academic.research.microsoft.com/	0.7	726.598	0	0
2013	IEEE/ACM	1.0	34.1025	0	0
$$$	427	1.0	750.703	0	0
x	x	0	0	0	0
TABLE	II.	0.8	53.9566	1	TABLE
OF	PAPERS	0.65	55.0453	0	0
EACH	DECADE,	0.64	55.0453	0	0
No.	Subject	0.66	79.1752	0	0
B.	Continent	1.0	352.956	0	0
As	mentioned	1.0	369.873	0	0
Out	of	1.0	671.772	0	0
the	authors	1.0	352.926	0	0
TABLE	III.	0.71	426.317	1	TABLE
Heuristics	Percentage	0.7	441.278	0	0
Since	our	1.0	518.436	0	0
i	V	0.97	576.486	0	0
ji	pointing	0.92	587.406	0	0
j	to	0.9	587.406	0	0
i	indicates	0.96	587.406	0	0
j	cites	0.95	598.326	0	0
i	in	0.99	609.366	0	0
2013	IEEE/ACM	1.0	34.1025	0	0
$$$	428	1.0	750.703	0	0
1	10	0.54	106.103	0	0
$$$	0.5	0.54	83.5359	0	0
1	0408	0.59	64.7479	0	0
1	10	0.54	106.328	0	0
$$$	9403	0.65	56.8625	0	0
1	10	0.54	161.633	0	0
$$$	0.5	0.54	137.941	0	0
$$$	1	0.54	118.05	0	0
0	Community	0.68	157.853	0	0
$$$	scoring	0.81	118.699	0	0
$$$	functions	0.81	84.0307	0	0
1	10	0.54	209.693	0	0
$$$	1	0.54	173.693	0	0
$$$	0.5	0.54	189.803	0	0
1	10	0.54	161.858	0	0
1	10	0.54	209.603	0	0
1	10	0.54	106.778	0	0
$$$	6081	0.65	57.1105	0	0
1	10	0.54	161.183	0	0
1	10	0.69	209.693	0	0
1	10	0.54	107.003	0	0
$$$	8208	0.65	57.5595	0	0
1	10	0.54	160.935	0	0
1	10	0.54	209.693	0	0
1	10	0.54	107.273	0	0
$$$	6008	0.65	57.5375	0	0
1	10	0.54	160.305	0	0
1	10	0.54	209.603	0	0
1	10	0.54	106.98	0	0
6008	(RN)	0.65	57.5375	0	0
1	10	0.54	159.855	0	0
1	10	0.54	209.828	0	0
10%	10%	0.43	81.6104	0	0
10%	10%	0.43	134.958	0	0
100%	10%	0.43	184.549	0	0
$$$	=0.989	0.54	150.525	0	0
=0.993	=0.999	0.54	65.2269	0	0
=0.965	=0.997	0.54	152.1	0	0
ODF	COND	0.54	117.961	0	0
$$$	FOMD	0.54	173.041	0	0
$$$	=0.983	0.54	149.625	0	0
$$$	=0.976	0.54	64.127	0	0
100	=0.37	0.49	121.773	0	0
10	=0.93	0.49	152.667	0	0
10	=0.77	0.49	100.848	0	0
100	=0.16	0.5	74.7483	0	0
Fig.	1.	0.8	239.477	1	FIGURE
at	least	1.0	296.316	0	0
III.	COMMUNITY	0.9	351.391	0	0
We	now	1.0	367.836	0	0
Let	G(V,	1.0	515.906	0	0
S	=	0.92	540.966	0	0
S	=	0.97	540.966	0	0
S	=	0.99	552.006	0	0
(A)	Based	1.0	592.594	0	0
cS	nS	0.97	612.246	0	0
cS	nS	0.77	634.446	0	0
(B)	Based	1.0	657.788	0	0
|u:uS,|(u,v):vS|>dm|	ns	0.85	699.096	0	0
m	is	0.97	707.046	0	0
(C)	Combining	1.0	295.384	0	0
cS	mS	0.97	326.885	0	0
|u:uS,|(u,v)E:vS|<d(u)/2|	nS	0.99	359.015	0	0
3	to	0.99	522.829	0	0
x	x	0	0	0	0
3	Note	0.79	690.162	0	0
2013	IEEE/ACM	1.0	34.1025	0	0
$$$	429	1.0	750.703	0	0
TABLE	IV.	0.68	53.2154	1	TABLE
Time-windows	EXPN	0.7	87.5883	0	0
of	random	1.0	176.349	0	0
IV.	TIME	0.93	244.386	0	0
In	this	1.0	261.429	0	0
i	at	0.95	506.646	0	0
t	i	0.97	512.526	0	0
In(f	t	0.88	564.111	0	0
j	=i	0.8	578.286	0	0
where	w	1.0	597.065	0	0
t	ji	0.8	596.166	0	0
$$$	c	0.7	593.646	0	0
t	ji	0.56	590.949	0	0
t	i	0.75	601.149	0	0
t	ji	0.96	596.166	0	0
i	from	0.95	614.166	0	0
j	,	0.9	625.086	0	0
t	i	0.95	620.046	0	0
i	and	0.99	636.126	0	0
In	order	1.0	703.743	0	0
t+0	t+5	0.6	144.384	0	0
$$$	0.2	0.6	111.534	0	0
$$$	0.4	0.6	82.6011	0	0
$$$	0.6	0.6	53.6841	0	0
Years	(after	0.8	154.165	0	0
$$$	Avg.	0.8	121.965	0	0
$$$	citations	0.8	90.3973	0	0
$$$	received	0.8	57.9413	0	0
t+3	t+20	0.4	88.1191	0	0
$$$	(a)	0.6	61.6671	0	0
t+3	t+20	0.4	88.1191	0	0
$$$	(b)	0.6	60.7171	0	0
t+3	t+20	0.4	124.653	0	0
$$$	(c)	0.6	98.0342	0	0
DB	AI	0.48	166.865	0	0
t+3	t+20	0.4	124.319	0	0
$$$	(d)	0.6	98.9512	0	0
SEC	ML	0.48	173.865	0	0
Fig.	2.	0.8	193.856	1	FIGURE
accordingly.	For	1.0	233.229	0	0
V.	REASONS	0.95	631.61	0	0
In	this	1.0	649.03	0	0
2013	IEEE/ACM	1.0	34.1025	0	0
$$$	430	1.0	750.703	0	0
x	x	0	0	0	0
1960	1965	0.72	189.595	0	0
DB	ALGO	0.38	82.7293	0	0
$$$	(c)	0.72	132.379	0	0
$$$	(b)	0.72	104.943	0	0
$$$	(d)	0.72	170.476	0	0
$$$	(a)	0.72	57.9051	0	0
DB	ALGO	0.72	198.437	0	0
Fig.	3.	0.8	219.536	1	FIGURE
TABLE	V.	0.8	273.413	1	TABLE
OF	TOP	0.65	274.653	0	0
RANKS	OF	0.66	283.533	0	0
TREND-WINDOWS	ARE	0.64	283.533	0	0
60-64	65-69	0.66	298.73	0	0
Cause	I:	1.0	374.949	0	0
In	this	1.0	392.106	0	0
4	than	0.99	577.069	0	0
Cause	II:	1.0	646.865	0	0
We	extract	1.0	664.022	0	0
x	x	0	0	0	0
4	Note	0.79	717.042	0	0
of	papers	1.0	374.949	0	0
Cause	III:	1.0	554.702	0	0
The	impact	1.0	572.346	0	0
2013	IEEE/ACM	1.0	34.1025	0	0
$$$	431	1.0	750.703	0	0
x	x	0	0	0	0
ting	shared	1.0	57.1888	0	0
Cause	IV:	1.0	113.35	0	0
The	two	1.0	130.148	0	0
t	i	0.9	271.685	0	0
i	at	0.96	276.725	0	0
Inf	luence(p	0.9	302.996	0	0
pj	P	0.63	317.405	0	0
$$$	1	1.0	294.016	0	0
d	pj	0.9	309.837	0	0
where	P	1.0	331.99	0	0
t	is	0.97	331.085	0	0
i	within	0.98	336.125	0	0
i	,	0.92	347.165	0	0
pj	corresponds	0.97	358.085	0	0
j	.	0.85	369.005	0	0
We	extract	1.0	381.667	0	0
VI.	CORRELATION	0.96	602.218	0	0
It	could	1.0	618.91	0	0
5	.	0.99	672.469	0	0
5	http://www.nsf.gov/	0.7	726.042	0	0
inwardness	metric	1.0	57.1889	0	0
=	s	1.0	128.893	0	0
n	(3)	1.0	137.997	0	0
where	s	1.0	149.714	0	0
It	is	1.0	341.342	0	0
6	and	0.9	394.789	0	0
7	similarities	0.99	394.789	0	0
TABLE	VI.	0.67	546.176	1	TABLE
NSF	Yrs	0.7	580.429	0	0
VII.	CONCLUSION	1.0	670.63	0	0
The	lack	1.0	686.95	0	0
x	x	0	0	0	0
6	lag(x,	0.78	716.082	0	0
7	lead(x,	0.78	726.042	0	0
2013	IEEE/ACM	1.0	34.1025	0	0
$$$	432	1.0	750.703	0	0
TABLE	VII.	0.69	53.2154	1	TABLE
Pairs	At	0.7	94.1884	0	0
paper,	we	1.0	181.869	0	0
The	availability	1.0	528.412	0	0
new	dimension	1.0	57.1621	0	0
$$$	REFERENCES	1.0	113.682	0	0
x	x	0	0	0	0
[1]	M.	0.8	130.255	0	0
2013	IEEE/ACM	1.0	34.1025	0	0
$$$	433	1.0	750.703	0	0
